timestamp,open,high,low,close,volume
2025-06-30 19:55:00,219.7000,219.7800,219.4001,219.4500,19237
2025-06-30 19:50:00,219.5100,219.7400,219.4200,219.6989,4530
2025-06-30 19:45:00,219.5000,219.5500,219.4000,219.4850,2106
2025-06-30 19:40:00,219.5500,219.5500,219.4000,219.5500,1665
2025-06-30 19:35:00,219.5100,219.5500,219.4300,219.4300,1057
2025-06-30 19:30:00,219.5500,219.5500,219.4000,219.4900,1210
2025-06-30 19:25:00,219.4400,219.5500,219.4000,219.4000,2663
2025-06-30 19:20:00,219.4450,219.5000,219.4000,219.4500,1035
2025-06-30 19:15:00,219.4400,219.5000,219.3700,219.4450,1308
2025-06-30 19:10:00,219.4500,219.5000,219.3600,219.4350,4311
2025-06-30 19:05:00,219.4012,219.5000,219.3900,219.4100,5353
2025-06-30 19:00:00,219.4200,219.5000,219.4000,219.4500,2130
2025-06-30 18:55:00,219.4700,219.5000,219.3900,219.5000,2821
2025-06-30 18:50:00,219.6500,219.6500,219.4037,219.4400,2609
2025-06-30 18:45:00,219.5100,219.6600,219.5000,219.5900,2042
2025-06-30 18:40:00,219.6000,219.7000,219.4900,219.5800,4256
2025-06-30 18:35:00,219.6850,219.7000,219.5000,219.5400,8648
2025-06-30 18:30:00,219.6500,219.7300,219.6400,219.6900,3431
2025-06-30 18:25:00,219.7000,219.7800,219.6000,219.6650,6942
2025-06-30 18:20:00,219.5800,219.7800,219.5500,219.7150,5939
2025-06-30 18:15:00,219.7050,219.7500,219.5300,219.5800,5091
2025-06-30 18:10:00,219.7100,219.8000,219.6000,219.7000,3282
2025-06-30 18:05:00,219.5900,219.8000,219.5400,219.6550,3220
2025-06-30 18:00:00,219.7600,219.8000,214.5700,219.6500,4035
2025-06-30 17:55:00,219.7600,219.8000,219.6100,219.8000,906
2025-06-30 17:50:00,219.7900,219.8000,219.6000,219.7200,2042
2025-06-30 17:45:00,219.8000,219.8000,219.7300,219.7900,9221
2025-06-30 17:40:00,219.8500,219.8500,219.7700,219.7800,929
2025-06-30 17:35:00,219.6900,219.8500,219.6800,219.8000,9177
2025-06-30 17:30:00,219.6900,219.7500,219.6300,219.7000,3505
2025-06-30 17:25:00,219.6800,219.7500,219.6000,219.7500,2759
2025-06-30 17:20:00,219.7000,219.7000,208.4845,219.6800,1569
2025-06-30 17:15:00,219.6500,219.7000,219.6000,219.6800,2952
2025-06-30 17:10:00,219.5700,219.6500,206.5471,219.6500,4646
2025-06-30 17:05:00,219.6500,219.7000,204.5072,219.5700,4556
2025-06-30 17:00:00,219.7500,219.7600,215.5424,219.6800,7861
2025-06-30 16:55:00,219.6400,219.7500,205.0550,219.6900,7325
2025-06-30 16:50:00,219.5350,223.3720,204.5072,219.6500,11500
2025-06-30 16:45:00,219.5500,219.6500,212.5388,219.5500,32487
2025-06-30 16:40:00,219.5300,219.5800,219.4610,219.5500,8053
2025-06-30 16:35:00,219.6700,219.7200,219.3900,219.5300,9752
2025-06-30 16:30:00,219.1300,219.7000,219.1200,219.6700,31365
2025-06-30 16:25:00,219.1500,219.1500,219.0910,219.1250,5798
2025-06-30 16:20:00,219.1600,219.3900,219.0600,219.1500,172494
2025-06-30 16:15:00,219.1500,219.3900,219.0200,219.1000,35424
2025-06-30 16:10:00,219.2250,219.9800,219.0400,219.1300,34631
2025-06-30 16:05:00,219.3793,219.3900,219.1600,219.2400,1806012
2025-06-30 16:00:00,219.4000,219.9700,219.1000,219.3800,21780607
2025-06-30 15:55:00,219.7400,219.8900,219.3200,219.4000,2267314
2025-06-30 15:50:00,219.8700,219.8740,219.2100,219.7508,1447282
2025-06-30 15:45:00,219.7500,219.9300,219.5600,219.8700,643799
2025-06-30 15:40:00,219.5500,219.8800,219.5100,219.7600,408667
2025-06-30 15:35:00,219.6650,219.7100,219.4700,219.5548,389976
2025-06-30 15:30:00,219.8100,219.8400,219.5450,219.6650,380053
2025-06-30 15:25:00,219.8400,219.9500,219.7900,219.8100,465487
2025-06-30 15:20:00,219.7000,219.8700,219.6000,219.8500,418834
2025-06-30 15:15:00,219.5900,219.7300,219.5300,219.7100,267630
2025-06-30 15:10:00,219.7950,219.8400,219.5400,219.5900,313484
2025-06-30 15:05:00,219.8600,219.8600,219.6700,219.7995,232153
2025-06-30 15:00:00,219.7700,219.9500,219.7542,219.8700,273281
2025-06-30 14:55:00,219.6000,219.8600,219.5800,219.7600,365338
2025-06-30 14:50:00,219.4552,219.7000,219.4100,219.6000,264719
2025-06-30 14:45:00,219.5100,219.5900,219.3300,219.4800,241716
2025-06-30 14:40:00,219.3000,219.6800,219.2100,219.5000,317800
2025-06-30 14:35:00,219.3200,219.4100,219.2500,219.3000,311778
2025-06-30 14:30:00,219.5750,219.6000,219.1900,219.3092,421909
2025-06-30 14:25:00,219.9400,219.9600,219.5300,219.5750,332244
2025-06-30 14:20:00,220.0000,220.2000,219.8807,219.9464,261957
2025-06-30 14:15:00,219.8200,220.0500,219.8200,220.0052,221123
2025-06-30 14:10:00,219.9300,219.9400,219.5000,219.8296,245955
2025-06-30 14:05:00,219.8950,220.0500,219.8300,219.9150,212540
2025-06-30 14:00:00,219.9753,220.1299,219.8800,219.9100,197915
2025-06-30 13:55:00,220.2100,220.5100,219.7700,219.9700,473317
2025-06-30 13:50:00,220.1650,220.3500,220.0300,220.2000,405861
2025-06-30 13:45:00,219.9800,220.4000,219.8500,220.1700,412109
2025-06-30 13:40:00,219.9400,220.0600,219.8500,219.9600,304093
2025-06-30 13:35:00,219.7200,220.0800,219.7200,219.9301,220264
2025-06-30 13:30:00,219.8799,219.9498,219.6900,219.7500,217719
2025-06-30 13:25:00,219.8500,219.8991,219.7350,219.8650,184291
2025-06-30 13:20:00,219.6370,219.9700,219.6361,219.8350,284960
2025-06-30 13:15:00,219.6100,219.7299,219.5100,219.6400,190599
2025-06-30 13:10:00,219.3799,219.6200,219.3500,219.6150,304964
2025-06-30 13:05:00,219.3400,219.3724,219.1200,219.3700,320320
2025-06-30 13:00:00,219.5999,219.6900,219.2192,219.3400,375406
2025-06-30 12:55:00,219.8399,219.9900,219.5600,219.5900,348225
2025-06-30 12:50:00,219.8600,220.0100,219.7500,219.8237,306194
2025-06-30 12:45:00,219.7600,219.9550,219.7096,219.8600,344079
2025-06-30 12:40:00,219.5000,219.8400,219.4400,219.7600,459554
2025-06-30 12:35:00,219.5099,219.5500,219.3210,219.4900,318720
2025-06-30 12:30:00,219.6600,219.6700,219.2100,219.5100,579208
2025-06-30 12:25:00,219.7900,219.9499,219.5890,219.6650,329841
2025-06-30 12:20:00,219.9521,220.0600,219.6100,219.8000,465773
2025-06-30 12:15:00,220.0050,220.5600,219.8901,219.9527,613391
2025-06-30 12:10:00,220.5300,220.6400,219.9400,220.0050,583746
2025-06-30 12:05:00,220.7600,220.8400,220.5000,220.5300,325397
2025-06-30 12:00:00,220.4150,220.8200,220.3900,220.7600,491667
2025-06-30 11:55:00,220.6800,220.7000,220.3000,220.4081,397855
2025-06-30 11:50:00,220.7000,220.8400,220.5350,220.6800,354214
2025-06-30 11:45:00,221.0900,221.1400,220.6734,220.7000,421578
2025-06-30 11:40:00,221.0000,221.1700,220.8800,221.0900,339173
2025-06-30 11:35:00,221.2700,221.3200,220.8700,221.0045,805694
2025-06-30 11:30:00,221.4000,221.4000,220.9700,221.2550,436597
2025-06-30 11:25:00,221.4100,221.6400,221.3400,221.4033,517559
2025-06-30 11:20:00,221.0950,221.4300,220.9600,221.4200,384795
2025-06-30 11:15:00,221.3850,221.3850,221.0401,221.0950,402833
2025-06-30 11:10:00,221.6900,221.8600,221.3600,221.3850,597573
2025-06-30 11:05:00,221.3350,221.7500,221.2500,221.7000,515215
2025-06-30 11:00:00,221.2200,221.4600,220.9800,221.3350,474493
2025-06-30 10:55:00,221.2655,221.5500,221.0800,221.2210,517676
2025-06-30 10:50:00,221.9000,221.9200,221.2600,221.2650,447872
2025-06-30 10:45:00,221.8962,222.0580,221.6550,221.9000,600090
2025-06-30 10:40:00,221.7490,222.4200,221.7200,221.8900,668156
2025-06-30 10:35:00,221.9000,221.9799,221.5550,221.7500,551144
2025-06-30 10:30:00,221.7800,221.9800,221.7200,221.9003,407551
2025-06-30 10:25:00,221.3000,221.8300,221.0900,221.7900,614863
2025-06-30 10:20:00,221.5800,221.7400,220.7400,221.3100,1049416
2025-06-30 10:15:00,222.7000,222.7000,221.3840,221.6000,1008154
2025-06-30 10:10:00,222.3100,222.7900,222.1400,222.7200,525840
2025-06-30 10:05:00,222.6050,222.6500,222.1500,222.3000,1101792
2025-06-30 10:00:00,222.3000,222.7900,222.1800,222.6209,828911
2025-06-30 09:55:00,222.4400,222.5800,222.0800,222.3100,1031269
2025-06-30 09:50:00,221.3600,222.4586,221.3200,222.4550,942869
2025-06-30 09:45:00,222.6600,222.8399,221.2550,221.3400,1154046
2025-06-30 09:40:00,223.3500,223.4800,222.5628,222.6500,954155
2025-06-30 09:35:00,222.0950,223.8200,221.8950,223.3758,1920857
2025-06-30 09:30:00,223.5200,223.7000,221.8300,222.0200,3095451
2025-06-30 09:25:00,223.2000,223.7200,222.7600,223.4200,34875
2025-06-30 09:20:00,222.8600,223.3000,222.8100,223.2200,26737
2025-06-30 09:15:00,223.3600,223.4000,222.8100,222.8101,53499
2025-06-30 09:10:00,223.5600,223.7200,223.2603,223.3800,53183
2025-06-30 09:05:00,223.5300,223.7200,223.5000,223.5600,27636
2025-06-30 09:00:00,223.5500,223.7500,223.5000,223.5600,28119
2025-06-30 08:55:00,223.4000,223.5500,223.4000,223.5500,27824
2025-06-30 08:50:00,223.2500,223.4400,223.2088,223.4000,13950
2025-06-30 08:45:00,223.3000,223.3300,223.1700,223.3300,17062
2025-06-30 08:40:00,223.3000,223.4000,223.2088,223.3050,27358
2025-06-30 08:35:00,223.7089,223.7400,223.2088,223.2400,47461
2025-06-30 08:30:00,224.0000,224.0000,223.2088,223.7100,55857
2025-06-30 08:25:00,224.1450,224.1800,223.2088,223.9600,32705
2025-06-30 08:20:00,224.4000,224.5800,224.0100,224.1100,23274
2025-06-30 08:15:00,224.4450,224.5800,224.3000,224.3000,36979
2025-06-30 08:10:00,224.3500,224.5000,223.1212,224.4500,10938
2025-06-30 08:05:00,224.3700,224.5000,223.2088,224.3500,11669
2025-06-30 08:00:00,224.5800,225.2000,223.1212,224.3800,334511
2025-06-30 07:55:00,224.3800,224.5800,224.3500,224.5800,7115
2025-06-30 07:50:00,224.3800,224.4300,224.3500,224.3600,6781
2025-06-30 07:45:00,224.3800,224.5000,224.3400,224.4000,10424
2025-06-30 07:40:00,224.2000,224.4300,224.2000,224.3500,6568
2025-06-30 07:35:00,224.3700,224.4500,224.0300,224.1700,8253
2025-06-30 07:30:00,224.5400,224.5400,224.3200,224.4200,4875
2025-06-30 07:25:00,224.7000,224.7000,224.4800,224.4800,5516
2025-06-30 07:20:00,224.6400,224.7500,224.5400,224.6700,5501
2025-06-30 07:15:00,224.4300,224.7100,224.3900,224.6700,15590
2025-06-30 07:10:00,224.4400,224.4600,224.3100,224.4500,9594
2025-06-30 07:05:00,224.1400,224.4400,224.1200,224.4400,8056
2025-06-30 07:00:00,224.1100,224.2800,223.9300,224.1400,18471
2025-06-30 06:55:00,223.8900,224.2000,223.8900,224.2000,2299
2025-06-30 06:50:00,224.1100,224.1800,223.8000,223.8900,10760
2025-06-30 06:45:00,224.4100,224.4300,224.0000,224.0700,15564
2025-06-30 06:40:00,224.5200,224.5500,224.3500,224.3500,8774
2025-06-30 06:35:00,224.4700,224.5900,224.3600,224.5100,4263
2025-06-30 06:30:00,224.4500,224.4800,224.3500,224.4200,7492
2025-06-30 06:25:00,224.5200,224.5500,224.3900,224.4200,3591
2025-06-30 06:20:00,224.4900,224.5800,224.3600,224.5100,4184
2025-06-30 06:15:00,224.4900,224.5200,224.1500,224.4900,13940
2025-06-30 06:10:00,224.4300,224.5600,224.3100,224.3700,7816
2025-06-30 06:05:00,224.4100,224.5100,224.3500,224.4900,1580
2025-06-30 06:00:00,224.4500,224.4900,224.3500,224.4100,1984
2025-06-30 05:55:00,224.5100,224.5500,224.2700,224.4300,6495
2025-06-30 05:50:00,224.6300,224.8000,224.4800,224.5100,4760
2025-06-30 05:45:00,224.8300,224.8700,224.5200,224.6200,9525
2025-06-30 05:40:00,224.9600,225.0700,224.8200,224.8300,14987
2025-06-30 05:35:00,224.8900,224.9900,224.8600,224.9800,2994
2025-06-30 05:30:00,224.9000,224.9500,224.8000,224.9000,6113
2025-06-30 05:25:00,224.8300,224.9300,224.8200,224.8500,3832
2025-06-30 05:20:00,224.8600,224.8800,224.8200,224.8300,1628
2025-06-30 05:15:00,224.7500,224.8700,224.7500,224.8700,4483
2025-06-30 05:10:00,224.5600,224.7600,224.5300,224.7600,1649
2025-06-30 05:05:00,224.5700,224.6500,224.5400,224.5600,563
2025-06-30 05:00:00,224.5900,224.6900,224.4800,224.5800,2122
2025-06-30 04:55:00,224.6400,224.6700,224.5100,224.5600,2166
2025-06-30 04:50:00,224.6100,224.7500,224.6000,224.7100,2689
2025-06-30 04:45:00,224.4500,224.6700,224.4500,224.6100,5602
2025-06-30 04:40:00,224.6200,224.6200,224.4000,224.4500,5025
2025-06-30 04:35:00,224.5400,224.6600,224.5100,224.6600,2634
2025-06-30 04:30:00,224.5900,224.6300,224.4700,224.5500,3121
2025-06-30 04:25:00,224.4800,224.6100,224.4600,224.5800,1652
2025-06-30 04:20:00,224.7800,224.8600,224.4000,224.4800,7041
2025-06-30 04:15:00,224.5000,224.8500,224.5000,224.7900,4384
2025-06-30 04:10:00,224.8000,224.8100,224.5000,224.5000,13694
2025-06-30 04:05:00,224.8300,225.0500,224.7100,224.7500,33518
2025-06-30 04:00:00,223.7300,225.0000,223.6200,224.8800,13121
2025-06-27 19:55:00,222.4700,222.5000,222.4000,222.4998,7229
2025-06-27 19:50:00,222.4000,222.4800,222.3900,222.4500,5148
2025-06-27 19:45:00,222.3900,222.4800,222.3900,222.4050,3555
2025-06-27 19:40:00,222.4300,222.4450,222.3500,222.4097,4485
2025-06-27 19:35:00,222.4300,222.4300,222.3700,222.4300,2645
2025-06-27 19:30:00,222.3400,222.4000,222.3300,222.4000,11585
2025-06-27 19:25:00,222.3500,222.3900,222.3100,222.3210,3165
2025-06-27 19:20:00,222.3900,222.4000,222.3100,222.3900,1632
2025-06-27 19:15:00,222.4010,222.4400,222.3100,222.3978,1670
2025-06-27 19:10:00,222.3045,222.4800,222.3000,222.4000,1642
2025-06-27 19:05:00,222.4500,222.4800,222.3000,222.3900,2606
2025-06-27 19:00:00,222.4800,222.4800,222.4100,222.4400,3993
2025-06-27 18:55:00,222.4900,222.5000,222.4200,222.4500,6593
2025-06-27 18:50:00,222.4900,222.5000,222.4100,222.4900,1997
2025-06-27 18:45:00,222.5250,222.5500,222.4500,222.4800,6293
2025-06-27 18:40:00,222.5000,222.6000,222.5000,222.5000,6758
2025-06-27 18:35:00,222.4500,222.5800,222.4500,222.5600,7893
2025-06-27 18:30:00,222.4500,222.5000,222.4000,222.4200,3285
2025-06-27 18:25:00,222.4700,222.5000,222.4000,222.4000,5760
2025-06-27 18:20:00,222.4500,222.5000,222.4000,222.4600,3426
2025-06-27 18:15:00,222.5000,222.5000,222.4500,222.4500,2336
2025-06-27 18:10:00,222.4750,222.5000,222.4500,222.4600,1226
2025-06-27 18:05:00,222.3900,222.5000,222.3000,222.4516,7145
2025-06-27 18:00:00,222.4600,222.5000,222.3000,222.3899,9708
2025-06-27 17:55:00,222.4900,222.5000,222.4500,222.4500,2421
2025-06-27 17:50:00,222.4750,223.3000,222.4500,222.4900,8883
2025-06-27 17:45:00,222.5000,222.5000,222.4500,222.5000,6466
2025-06-27 17:40:00,222.5100,222.5100,222.4200,222.5000,3910
2025-06-27 17:35:00,222.5500,222.6000,222.3500,222.5100,10178
2025-06-27 17:30:00,222.5100,222.6700,222.5000,222.5800,11207
2025-06-27 17:25:00,222.4800,222.5600,222.4800,222.5000,2497
2025-06-27 17:20:00,222.5500,222.5900,222.4800,222.5200,5926
2025-06-27 17:15:00,222.5000,222.5600,222.4600,222.5500,9633
2025-06-27 17:10:00,222.4700,223.3000,219.5771,222.4993,503662
2025-06-27 17:05:00,222.5000,224.2009,215.3202,222.5100,9922
2025-06-27 17:00:00,222.4900,223.3000,221.5176,222.4600,43302
2025-06-27 16:55:00,222.5200,233.3059,215.3202,222.5200,21210
2025-06-27 16:50:00,222.5000,223.3000,209.3554,222.5500,16515
2025-06-27 16:45:00,222.4700,233.3059,207.5121,222.4600,16901
2025-06-27 16:40:00,222.4850,222.5100,221.5176,222.4600,59634
2025-06-27 16:35:00,222.5000,223.3000,221.0300,222.4850,34354
2025-06-27 16:30:00,222.4980,222.5900,222.4700,222.5000,13514
2025-06-27 16:25:00,222.5000,223.3000,222.4300,222.4700,227405
2025-06-27 16:20:00,222.4850,223.3004,220.8900,222.5000,270997
2025-06-27 16:15:00,222.5860,223.3085,222.4000,222.5600,11361671
2025-06-27 16:10:00,222.4600,223.3009,221.3892,222.4800,4304905
2025-06-27 16:05:00,222.5700,223.3000,222.3000,222.4600,295906
2025-06-27 16:00:00,223.1700,223.3500,222.4800,222.6200,62104181
2025-06-27 15:55:00,221.8800,223.2500,221.6800,223.2100,8508760
2025-06-27 15:50:00,219.6300,222.2200,219.6300,221.8950,6143305
2025-06-27 15:45:00,219.7300,219.9500,219.4850,219.6700,967924
2025-06-27 15:40:00,220.5200,220.6850,219.7300,219.7400,1204818
2025-06-27 15:35:00,220.3600,220.6050,220.0800,220.5200,1228804
2025-06-27 15:30:00,219.7050,220.5300,219.5700,220.3601,1383377
2025-06-27 15:25:00,219.5400,219.8100,219.3300,219.7050,764099
2025-06-27 15:20:00,218.9650,219.5600,218.8900,219.5500,726039
2025-06-27 15:15:00,218.7150,219.3200,218.6700,218.9800,749838
2025-06-27 15:10:00,218.3600,218.9100,218.2500,218.7000,706484
2025-06-27 15:05:00,218.0850,218.4698,217.9800,218.3600,692165
2025-06-27 15:00:00,217.0400,218.1400,217.0300,218.1000,948509
2025-06-27 14:55:00,216.8400,217.0565,216.8200,217.0250,351211
2025-06-27 14:50:00,217.1400,217.1600,216.7400,216.8500,498953
2025-06-27 14:45:00,217.1600,217.5199,217.0501,217.1300,421130
2025-06-27 14:40:00,217.1400,217.2900,216.9300,217.1738,514207
2025-06-27 14:35:00,217.3800,217.4900,217.1000,217.1400,352954
2025-06-27 14:30:00,217.4500,217.5400,217.2300,217.3800,413057
2025-06-27 14:25:00,217.5650,217.7400,217.4300,217.4600,456173
2025-06-27 14:20:00,218.0200,218.0300,217.5500,217.5642,392825
2025-06-27 14:15:00,218.2500,218.3600,217.8300,218.0100,274028
2025-06-27 14:10:00,218.2300,218.4000,218.1700,218.2600,246735
2025-06-27 14:05:00,217.9400,218.4100,217.9400,218.2000,285808
2025-06-27 14:00:00,218.4000,218.4500,217.9300,217.9550,2769757
2025-06-27 13:55:00,218.5300,218.5400,218.2200,218.3900,404580
2025-06-27 13:50:00,218.5200,218.7900,218.4189,218.5200,303515
2025-06-27 13:45:00,218.7300,218.7500,218.2300,218.5600,596229
2025-06-27 13:40:00,219.1300,219.4150,218.4800,218.7450,479505
2025-06-27 13:35:00,219.1400,219.1700,218.9600,219.1100,294641
2025-06-27 13:30:00,219.1500,219.2550,218.9700,219.1300,287716
2025-06-27 13:25:00,219.3300,219.3430,219.1200,219.1600,193772
2025-06-27 13:20:00,219.4800,219.5050,219.2500,219.3300,178867
2025-06-27 13:15:00,219.5000,219.6800,219.3100,219.4701,192981
2025-06-27 13:10:00,219.6300,219.6600,219.4797,219.5100,200518
2025-06-27 13:05:00,219.3400,219.6150,219.2200,219.6150,295883
2025-06-27 13:00:00,219.8362,219.8432,219.2000,219.3469,331742
2025-06-27 12:55:00,219.7523,219.9299,219.7150,219.8300,188895
2025-06-27 12:50:00,219.5700,219.8400,219.5000,219.7300,222567
2025-06-27 12:45:00,219.4367,219.6000,219.3850,219.5700,259703
2025-06-27 12:40:00,219.5100,219.6469,219.3100,219.4300,210428
2025-06-27 12:35:00,219.5100,219.5300,219.3500,219.5000,221333
2025-06-27 12:30:00,219.6700,219.7100,219.3400,219.5390,285112
2025-06-27 12:25:00,219.5500,219.6900,219.3400,219.6750,288468
2025-06-27 12:20:00,219.6300,219.9100,219.5000,219.5600,425473
2025-06-27 12:15:00,219.8000,219.9400,219.5300,219.6200,545337
2025-06-27 12:10:00,219.7400,220.0500,219.7200,219.7907,288322
2025-06-27 12:05:00,219.8000,220.0000,219.6800,219.7600,280017
2025-06-27 12:00:00,219.7300,219.8750,219.5303,219.8300,332640
2025-06-27 11:55:00,219.7800,219.9200,219.6850,219.7200,236327
2025-06-27 11:50:00,219.8500,219.8900,219.7282,219.8000,250008
2025-06-27 11:45:00,219.6200,219.9000,219.5700,219.8450,263081
2025-06-27 11:40:00,219.8457,219.8800,219.4900,219.6307,258265
2025-06-27 11:35:00,219.7800,220.0100,219.7100,219.8490,319416
2025-06-27 11:30:00,219.6338,219.8717,219.5002,219.7750,268464
2025-06-27 11:25:00,219.7396,219.8300,219.4900,219.6350,599913
2025-06-27 11:20:00,219.3250,219.7500,219.1700,219.7338,353083
2025-06-27 11:15:00,219.6100,219.6300,218.9400,219.3250,400923
2025-06-27 11:10:00,219.3800,219.6500,219.3800,219.6000,317555
2025-06-27 11:05:00,219.3000,219.5700,219.1300,219.3800,451684
2025-06-27 11:00:00,218.8802,219.4600,218.6000,219.3200,539107
2025-06-27 10:55:00,219.3100,219.3300,218.8201,218.8800,435536
2025-06-27 10:50:00,219.5200,219.5550,218.8450,219.3142,603868
2025-06-27 10:45:00,219.5400,219.6500,219.3350,219.5200,350994
2025-06-27 10:40:00,219.5497,219.9400,219.4500,219.5300,606028
2025-06-27 10:35:00,219.7700,219.9100,219.3350,219.5250,595060
2025-06-27 10:30:00,220.0100,220.0150,219.1200,219.7550,941389
2025-06-27 10:25:00,220.8100,220.8299,219.7500,220.0100,874299
2025-06-27 10:20:00,220.9200,221.2700,220.8000,220.8300,499214
2025-06-27 10:15:00,221.0850,221.2500,220.8100,220.9300,551824
2025-06-27 10:10:00,220.9200,221.3300,220.8000,221.0900,593138
2025-06-27 10:05:00,221.1208,221.3200,220.8800,220.9192,713428
2025-06-27 10:00:00,220.7800,221.1699,220.7150,221.1350,634438
2025-06-27 09:55:00,220.9000,221.5300,220.6600,220.7600,1053955
2025-06-27 09:50:00,221.0700,221.5600,220.8200,220.9150,1068971
2025-06-27 09:45:00,220.9632,221.2500,220.5000,221.0850,926350
2025-06-27 09:40:00,220.4050,221.1500,220.0200,220.9670,1030839
2025-06-27 09:35:00,220.2650,221.4500,220.1800,220.3900,1749193
2025-06-27 09:30:00,219.9200,221.2200,219.6300,220.2700,3971250
2025-06-27 09:25:00,219.7900,220.1700,219.1600,219.9900,73768
2025-06-27 09:20:00,219.7899,219.8000,219.5000,219.7450,40893
2025-06-27 09:15:00,219.8000,220.0000,219.7400,219.7500,23728
2025-06-27 09:10:00,219.7000,219.9400,219.6230,219.7472,16489
2025-06-27 09:05:00,219.9000,219.9800,219.6200,219.7100,22373
2025-06-27 09:00:00,220.1100,220.1600,219.7834,219.8300,31076
2025-06-27 08:55:00,219.7500,220.2486,219.6600,220.1100,54796
2025-06-27 08:50:00,220.1000,220.1000,219.6700,219.7400,32725
2025-06-27 08:45:00,219.8400,220.1800,219.7506,220.1200,36762
2025-06-27 08:40:00,219.9000,220.0793,219.7500,219.8000,45704
2025-06-27 08:35:00,219.9600,220.1000,219.8700,219.9200,19659
2025-06-27 08:30:00,220.1802,220.2200,219.7500,219.9500,52176
2025-06-27 08:25:00,219.9700,220.2200,219.9200,220.1800,66943
2025-06-27 08:20:00,219.8400,220.0000,219.8000,219.9550,31781
2025-06-27 08:15:00,219.9000,219.9600,219.6600,219.8396,23409
2025-06-27 08:10:00,219.8750,219.9200,219.6600,219.8060,11799
2025-06-27 08:05:00,219.7600,219.9700,217.1200,219.8800,18940
2025-06-27 08:00:00,218.9888,219.9800,217.1200,219.7750,154398
2025-06-27 07:55:00,219.8300,219.9800,219.8300,219.9500,16430
2025-06-27 07:50:00,219.8700,219.9400,219.8000,219.8100,9470
2025-06-27 07:45:00,219.7500,219.8800,219.5000,219.8700,20255
2025-06-27 07:40:00,219.7800,219.8700,219.6500,219.7100,14030
2025-06-27 07:35:00,219.6000,219.7800,219.6000,219.7700,7106
2025-06-27 07:30:00,219.5400,219.6500,219.5000,219.5900,3902
2025-06-27 07:25:00,219.4200,219.6600,219.4100,219.5400,6164
2025-06-27 07:20:00,219.3500,219.4400,219.2600,219.4200,3202
2025-06-27 07:15:00,219.4000,219.4900,219.3100,219.3400,4768
2025-06-27 07:10:00,219.2500,219.5000,219.2100,219.4200,13761
2025-06-27 07:05:00,219.2200,219.2700,219.0800,219.1900,3698
2025-06-27 07:00:00,219.2000,219.3300,218.8300,219.2700,15223
2025-06-27 06:55:00,219.1300,219.2900,219.1200,219.2300,2416
2025-06-27 06:50:00,219.1300,219.1600,219.0800,219.1500,891
2025-06-27 06:45:00,219.0000,219.1500,218.9600,219.1300,3265
2025-06-27 06:40:00,219.0000,219.0500,218.9400,219.0000,1582
2025-06-27 06:35:00,219.0000,219.0200,218.9500,218.9900,1175
2025-06-27 06:30:00,219.0900,219.1500,218.9300,218.9900,2713
2025-06-27 06:25:00,219.1200,219.1400,219.0500,219.0900,868
2025-06-27 06:20:00,219.0400,219.1400,218.9800,219.1400,2052
2025-06-27 06:15:00,219.0500,219.0500,218.9700,219.0400,565
2025-06-27 06:10:00,219.1400,219.1400,218.9900,219.0500,3806
2025-06-27 06:05:00,219.1000,219.1600,219.0600,219.1400,1392
2025-06-27 06:00:00,219.1400,219.1600,219.0500,219.1300,1090
2025-06-27 05:55:00,219.1200,219.2300,219.0500,219.1400,3460
2025-06-27 05:50:00,219.2900,219.2900,219.0500,219.0700,3689
2025-06-27 05:45:00,219.2200,219.3000,219.1300,219.2300,1721
2025-06-27 05:40:00,219.0400,219.2500,218.9700,219.2100,4164
2025-06-27 05:35:00,219.0500,219.1500,219.0300,219.0300,2717
2025-06-27 05:30:00,219.0300,219.1000,219.0000,219.1000,5518
2025-06-27 05:25:00,219.0900,219.1100,219.0000,219.0400,2910
2025-06-27 05:20:00,219.0900,219.1100,219.0600,219.0900,1395
2025-06-27 05:15:00,219.0300,219.3000,219.0000,219.1100,6695
2025-06-27 05:10:00,219.0500,219.0500,218.7300,219.0300,4203
2025-06-27 05:05:00,219.3100,219.3400,219.0000,219.0300,6833
2025-06-27 05:00:00,219.3200,219.4500,219.2500,219.3400,5573
2025-06-27 04:55:00,219.3700,219.4300,219.2600,219.2600,8852
2025-06-27 04:50:00,219.3100,219.3800,219.3000,219.3200,3394
2025-06-27 04:45:00,219.3100,219.3400,219.3000,219.3300,4741
2025-06-27 04:40:00,219.2800,219.4300,219.2700,219.3000,4253
2025-06-27 04:35:00,219.2800,219.3400,219.2100,219.2700,646
2025-06-27 04:30:00,218.8700,219.3800,218.8400,219.2000,9575
2025-06-27 04:25:00,218.9600,219.0500,218.8500,218.8500,2957
2025-06-27 04:20:00,218.9900,219.0800,218.9100,219.0000,2116
2025-06-27 04:15:00,219.0600,219.1700,218.9100,218.9900,7236
2025-06-27 04:10:00,219.1100,219.1700,218.9600,219.0700,11023
2025-06-27 04:05:00,218.9800,219.1400,218.9600,219.1300,7110
2025-06-27 04:00:00,218.2200,218.9900,218.2200,218.9500,8382
2025-06-26 19:55:00,218.0800,218.1900,218.0800,218.1800,4958
2025-06-26 19:50:00,218.1750,218.2500,218.0800,218.1000,8826
2025-06-26 19:45:00,218.2000,218.2500,218.1000,218.2200,2859
2025-06-26 19:40:00,218.2300,218.2500,218.0700,218.2300,2780
2025-06-26 19:35:00,218.1500,218.2500,218.0500,218.2500,1335
2025-06-26 19:30:00,218.0500,218.1750,218.0000,218.1400,3336
2025-06-26 19:25:00,218.0800,218.3000,218.0000,218.1000,2601
2025-06-26 19:20:00,218.1000,218.1500,218.0000,218.1300,2247
2025-06-26 19:15:00,218.1000,218.2000,218.0000,218.0300,3239
2025-06-26 19:10:00,218.2000,218.2800,218.0200,218.0500,5128
2025-06-26 19:05:00,218.2750,218.3000,218.1400,218.2000,2371
2025-06-26 19:00:00,218.1999,218.3200,218.1500,218.2500,3883
2025-06-26 18:55:00,218.2000,218.2600,218.1400,218.1500,5746
2025-06-26 18:50:00,218.2700,218.3500,218.2000,218.2500,2982
2025-06-26 18:45:00,218.4000,218.4800,218.2500,218.3197,1894
2025-06-26 18:40:00,218.3000,218.4800,218.2600,218.3200,3426
2025-06-26 18:35:00,218.4000,218.4900,218.1500,218.3000,3858
2025-06-26 18:30:00,218.3000,218.5400,217.1200,218.4600,18790
2025-06-26 18:25:00,218.1000,218.5000,218.0500,218.3780,7381
2025-06-26 18:20:00,218.0500,218.1500,218.0100,218.0600,3152
2025-06-26 18:15:00,218.1200,218.2000,218.0100,218.0500,1161
2025-06-26 18:10:00,218.0900,218.3000,218.0400,218.1200,5362
2025-06-26 18:05:00,218.1500,218.2900,218.0000,218.1100,2794
2025-06-26 18:00:00,218.1900,218.2400,218.0000,218.1500,4091
2025-06-26 17:55:00,218.1750,218.3000,217.9300,218.1000,7296
2025-06-26 17:50:00,218.2000,218.3000,218.0000,218.2500,5473
2025-06-26 17:45:00,218.2884,218.3000,218.0000,218.2000,7538
2025-06-26 17:40:00,218.1050,218.3000,217.1200,218.2500,64960
2025-06-26 17:35:00,218.4500,218.6000,218.0100,218.1050,12101
2025-06-26 17:30:00,218.3525,218.5000,218.3500,218.4900,5795
2025-06-26 17:25:00,218.3500,218.4500,218.2000,218.3900,5929
2025-06-26 17:20:00,218.2800,218.3778,218.2000,218.2200,13683
2025-06-26 17:15:00,218.2600,218.3000,216.1230,218.3000,6868
2025-06-26 17:10:00,218.1800,218.4000,216.9396,218.1500,4103
2025-06-26 17:05:00,218.1600,218.2900,215.5348,218.1500,6252
2025-06-26 17:00:00,218.2600,218.2900,218.0000,218.1450,4305
2025-06-26 16:55:00,218.2200,218.2900,214.2013,218.2900,51103
2025-06-26 16:50:00,218.2500,218.3000,216.1230,218.2000,34718
2025-06-26 16:45:00,218.2750,218.4000,218.1204,218.2500,19446
2025-06-26 16:40:00,218.1500,218.3500,217.8300,218.2500,21843
2025-06-26 16:35:00,218.1900,218.4000,218.0500,218.2000,24159
2025-06-26 16:30:00,218.0000,218.7500,217.8200,218.3100,51100
2025-06-26 16:25:00,217.1400,218.2300,217.0800,218.0000,62510
2025-06-26 16:20:00,216.8500,217.1304,216.8000,217.1200,22362
2025-06-26 16:15:00,217.1200,217.1200,216.7500,216.9000,5541
2025-06-26 16:10:00,216.8000,216.9000,216.8000,216.8600,5479
2025-06-26 16:05:00,216.9200,216.9700,216.1404,216.8000,14823
2025-06-26 16:00:00,217.1300,217.7000,216.9000,216.9000,13720940
2025-06-26 15:55:00,217.3200,217.3600,216.7000,217.1300,3024778
2025-06-26 15:50:00,217.4900,217.7101,217.1500,217.3400,1250401
2025-06-26 15:45:00,216.9550,217.5400,216.8600,217.4900,638245
2025-06-26 15:40:00,216.8400,217.0200,216.7600,216.9550,456349
2025-06-26 15:35:00,216.9973,217.0800,216.8300,216.8350,343395
2025-06-26 15:30:00,216.9500,217.1000,216.7600,216.9800,458412
2025-06-26 15:25:00,217.3600,217.3900,216.8915,216.9540,450229
2025-06-26 15:20:00,217.3493,217.4600,217.2500,217.3600,309280
2025-06-26 15:15:00,217.3200,217.5200,217.2500,217.3400,291835
2025-06-26 15:10:00,217.2150,217.3700,217.1650,217.3200,433126
2025-06-26 15:05:00,217.3350,217.3800,217.1300,217.2100,2391918
2025-06-26 15:00:00,217.0800,217.3600,217.0200,217.3300,329022
2025-06-26 14:55:00,217.0100,217.0915,216.8854,217.0732,281970
2025-06-26 14:50:00,216.9500,217.0600,216.8850,217.0200,623323
2025-06-26 14:45:00,217.2800,217.4200,216.8700,216.9400,511643
2025-06-26 14:40:00,217.5100,217.5700,217.0800,217.2800,654015
2025-06-26 14:35:00,217.9600,217.9900,217.4500,217.5100,592187
2025-06-26 14:30:00,217.7400,218.0350,217.7400,217.9600,600702
2025-06-26 14:25:00,217.7967,217.8904,217.6002,217.7201,355936
2025-06-26 14:20:00,217.3700,217.8500,217.3600,217.8099,709866
2025-06-26 14:15:00,217.4500,217.6300,217.2400,217.3600,718493
2025-06-26 14:10:00,217.1700,217.4700,216.2144,217.4450,546715
2025-06-26 14:05:00,216.8900,217.2100,216.8100,217.1701,865629
2025-06-26 14:00:00,216.6050,217.0000,216.5400,216.8900,634926
2025-06-26 13:55:00,216.6500,216.6600,216.5000,216.6100,268292
2025-06-26 13:50:00,216.6901,216.8000,216.6400,216.6600,330561
2025-06-26 13:45:00,216.6950,216.7700,216.5850,216.7000,360132
2025-06-26 13:40:00,216.3900,216.7000,216.2800,216.6950,677686
2025-06-26 13:35:00,216.2500,216.5400,216.1900,216.3826,405522
2025-06-26 13:30:00,216.1750,216.3100,216.1700,216.2698,250239
2025-06-26 13:25:00,216.1100,216.2900,216.0025,216.1750,219610
2025-06-26 13:20:00,216.1100,216.2417,216.0425,216.1100,205479
2025-06-26 13:15:00,216.1050,216.2050,215.9100,216.1269,254162
2025-06-26 13:10:00,216.0800,216.1799,215.9600,216.0900,216854
2025-06-26 13:05:00,216.1531,216.3000,215.9850,216.0850,231691
2025-06-26 13:00:00,215.7400,216.2000,215.7299,216.1355,437950
2025-06-26 12:55:00,215.6700,215.7500,215.5100,215.7500,291720
2025-06-26 12:50:00,215.7200,215.8550,215.6000,215.6600,275839
2025-06-26 12:45:00,215.5966,215.9300,215.5850,215.7200,217095
2025-06-26 12:40:00,215.6200,215.8200,215.5800,215.5900,315870
2025-06-26 12:35:00,215.9300,215.9700,215.5000,215.6150,348806
2025-06-26 12:30:00,215.8650,216.1000,215.8300,215.9300,216809
2025-06-26 12:25:00,215.9700,216.0200,215.7600,215.8600,272248
2025-06-26 12:20:00,216.3904,216.4300,215.9500,215.9700,363087
2025-06-26 12:15:00,216.0300,216.4100,215.9300,216.4000,292518
2025-06-26 12:10:00,215.9899,216.2800,215.9650,216.0150,222165
2025-06-26 12:05:00,216.4100,216.4400,215.9200,215.9641,368376
2025-06-26 12:00:00,215.8500,216.4400,215.3000,216.3900,765859
2025-06-26 11:55:00,215.7000,215.8850,215.5950,215.8500,261336
2025-06-26 11:50:00,215.4400,215.9400,215.3900,215.6750,404763
2025-06-26 11:45:00,215.4900,215.8200,215.2500,215.4400,556378
2025-06-26 11:40:00,215.7800,216.1700,215.4000,215.4900,571238
2025-06-26 11:35:00,215.9400,216.1571,215.5200,215.7700,542110
2025-06-26 11:30:00,216.0500,216.0600,215.6100,215.9400,667430
2025-06-26 11:25:00,216.5712,216.6900,216.0500,216.0550,766672
2025-06-26 11:20:00,215.8700,216.8800,215.8600,216.5600,1524495
2025-06-26 11:15:00,214.8250,215.9600,214.8140,215.8900,1112271
2025-06-26 11:10:00,214.6200,214.9200,214.4900,214.8300,352727
2025-06-26 11:05:00,214.5000,214.7300,214.2000,214.6200,339430
2025-06-26 11:00:00,214.0300,214.5900,213.9950,214.5050,388145
2025-06-26 10:55:00,214.1500,214.1650,213.8960,214.0200,264102
2025-06-26 10:50:00,214.1185,214.1400,213.6201,214.1100,472158
2025-06-26 10:45:00,214.0550,214.1786,213.9200,214.1299,299333
2025-06-26 10:40:00,213.8692,214.2500,213.7100,214.0200,596507
2025-06-26 10:35:00,213.5100,213.9900,213.5000,213.8772,399499
2025-06-26 10:30:00,213.3200,213.6150,213.2600,213.5240,422435
2025-06-26 10:25:00,213.4200,213.5500,213.2800,213.3200,233166
2025-06-26 10:20:00,213.1092,213.4800,213.0800,213.4200,328390
2025-06-26 10:15:00,213.1000,213.2100,212.8460,213.1000,220932
2025-06-26 10:10:00,212.7800,213.2800,212.6706,213.1200,333177
2025-06-26 10:05:00,213.4700,213.4916,212.7200,212.7627,444824
2025-06-26 10:00:00,212.9500,213.5000,212.9300,213.4550,498114
2025-06-26 09:55:00,212.5300,213.0150,212.3600,212.9500,592313
2025-06-26 09:50:00,212.3200,212.6300,212.0100,212.5469,515442
2025-06-26 09:45:00,212.9700,213.1500,212.2000,212.3150,782876
2025-06-26 09:40:00,212.7700,213.3500,212.7100,212.9699,645377
2025-06-26 09:35:00,212.9250,213.0891,212.4400,212.7400,589798
2025-06-26 09:30:00,213.1200,213.7500,212.6300,212.9200,1206237
2025-06-26 09:25:00,213.3900,213.3988,213.0000,213.0900,20033
2025-06-26 09:20:00,213.2500,213.4900,213.2300,213.4000,7105
2025-06-26 09:15:00,213.0750,213.4700,213.0000,213.2500,8511
2025-06-26 09:10:00,213.0900,213.1700,213.0000,213.0200,11272
2025-06-26 09:05:00,213.0600,213.1700,213.0000,213.0900,9740
2025-06-26 09:00:00,213.2100,213.2800,212.9900,213.0000,10942
2025-06-26 08:55:00,213.0537,213.2800,213.0500,213.2800,10715
2025-06-26 08:50:00,213.2100,213.2100,213.0000,213.0800,11070
2025-06-26 08:45:00,213.2000,213.2800,213.1100,213.2200,10213
2025-06-26 08:40:00,212.9100,213.2500,212.8000,213.2050,9239
2025-06-26 08:35:00,212.8000,213.1000,212.8000,212.9050,21064
2025-06-26 08:30:00,213.2500,213.2700,212.5700,212.8001,31705
2025-06-26 08:25:00,213.2300,213.2900,213.1500,213.2250,8121
2025-06-26 08:20:00,213.2500,213.2500,213.1600,213.2200,4312
2025-06-26 08:15:00,213.1550,213.2600,213.1000,213.2161,1903
2025-06-26 08:10:00,213.1500,213.2600,213.0900,213.1000,9449
2025-06-26 08:05:00,213.3300,213.3300,211.9900,213.1400,7798
2025-06-26 08:00:00,213.3100,213.7388,211.9900,213.2700,88885
2025-06-26 07:55:00,213.2500,213.3800,213.2500,213.2700,1932
2025-06-26 07:50:00,213.2000,213.2500,213.1300,213.2500,2152
2025-06-26 07:45:00,213.2000,213.2300,213.0900,213.2000,3322
2025-06-26 07:40:00,213.2800,213.3500,213.1600,213.2000,8170
2025-06-26 07:35:00,213.4200,213.4600,213.2600,213.3000,2112
2025-06-26 07:30:00,213.3200,213.5000,213.3100,213.4100,5414
2025-06-26 07:25:00,213.2400,213.3300,213.2000,213.3300,3496
2025-06-26 07:20:00,213.1800,213.3000,213.1400,213.2900,3263
2025-06-26 07:15:00,213.1000,213.2100,212.9100,213.1200,4910
2025-06-26 07:10:00,213.2600,213.2600,212.9200,213.1100,12940
2025-06-26 07:05:00,213.2800,213.3300,213.2000,213.3000,4783
2025-06-26 07:00:00,213.3600,213.4000,213.1800,213.2700,7770
2025-06-26 06:55:00,213.4500,213.4800,213.3700,213.3700,953
2025-06-26 06:50:00,213.4600,213.5000,213.4300,213.4700,678
2025-06-26 06:45:00,213.5500,213.5500,213.3700,213.4500,2657
2025-06-26 06:40:00,213.5900,213.5900,213.4700,213.5200,474
2025-06-26 06:35:00,213.5900,213.5900,213.4600,213.5100,3178
2025-06-26 06:30:00,213.6300,213.6900,213.5000,213.5700,2353
2025-06-26 06:25:00,213.7000,213.7100,213.6000,213.6200,534
2025-06-26 06:20:00,213.5900,213.6700,213.5800,213.6700,2333
2025-06-26 06:15:00,213.6300,213.6400,213.5400,213.5800,3076
2025-06-26 06:10:00,213.5700,213.6500,213.5300,213.6300,2350
2025-06-26 06:05:00,213.3400,213.5500,213.3300,213.5200,4900
2025-06-26 06:00:00,213.3800,213.4000,213.2600,213.3500,2272
2025-06-26 05:55:00,213.3800,213.4000,213.3000,213.3300,1291
2025-06-26 05:50:00,213.3400,213.3800,213.3000,213.3800,1448
2025-06-26 05:45:00,213.2800,213.3400,213.2700,213.3000,363
2025-06-26 05:40:00,213.2500,213.3200,213.2200,213.2800,792
2025-06-26 05:35:00,213.1700,213.2700,213.1700,213.2700,836
2025-06-26 05:30:00,213.2300,213.2700,213.1300,213.2500,596
2025-06-26 05:25:00,213.2200,213.2500,213.1300,213.2100,2719
2025-06-26 05:20:00,213.2100,213.2800,213.1200,213.2100,3142
2025-06-26 05:15:00,213.1900,213.2700,213.1700,213.2000,2935
2025-06-26 05:10:00,213.2200,213.2400,213.1500,213.1900,3885
2025-06-26 05:05:00,213.1900,213.2600,213.1200,213.1700,4388
2025-06-26 05:00:00,213.2000,213.2200,213.1600,213.2100,698
2025-06-26 04:55:00,213.2200,213.2300,213.1600,213.2300,530
2025-06-26 04:50:00,213.1800,213.2700,213.1800,213.2400,1227
2025-06-26 04:45:00,213.2000,213.2400,213.1700,213.2300,984
2025-06-26 04:40:00,213.2100,213.3200,213.2000,213.2300,874
2025-06-26 04:35:00,213.2000,213.3400,213.2000,213.2300,620
2025-06-26 04:30:00,213.2900,213.3200,213.1300,213.2000,3150
2025-06-26 04:25:00,213.2300,213.4000,213.2300,213.3400,3749
2025-06-26 04:20:00,213.2400,213.3100,213.2000,213.3000,3516
2025-06-26 04:15:00,213.2200,213.3400,213.1200,213.2800,1280
2025-06-26 04:10:00,213.1900,213.2300,213.1000,213.1800,1188
2025-06-26 04:05:00,213.0200,213.1800,213.0000,213.1700,1548
2025-06-26 04:00:00,213.4000,213.4000,212.5000,213.0100,5499
2025-06-25 19:55:00,212.1700,212.2000,212.1500,212.1991,12896
2025-06-25 19:50:00,212.1200,212.1900,212.0700,212.1700,7952
2025-06-25 19:45:00,212.1458,212.1500,212.0500,212.1000,1857
2025-06-25 19:40:00,212.1500,212.1500,212.0500,212.1000,883
2025-06-25 19:35:00,212.0000,212.1500,212.0000,212.1000,1056
2025-06-25 19:30:00,212.1000,212.1500,212.0000,212.1500,7257
2025-06-25 19:25:00,212.1700,212.1700,212.0300,212.0300,1568
2025-06-25 19:20:00,212.1000,212.1700,212.0300,212.0800,714
2025-06-25 19:15:00,212.0600,212.1700,212.0000,212.1700,1332
2025-06-25 19:10:00,212.0700,212.1800,212.0100,212.0300,1064
2025-06-25 19:05:00,212.0310,212.1500,212.0000,212.0400,3078
2025-06-25 19:00:00,212.1200,212.1500,212.0100,212.0650,3560
2025-06-25 18:55:00,212.1150,212.1800,212.0500,212.1700,672
2025-06-25 18:50:00,212.1798,212.1800,212.0500,212.1400,5598
2025-06-25 18:45:00,212.0950,212.1800,212.0500,212.1400,3931
2025-06-25 18:40:00,212.1500,212.1500,212.0400,212.1000,400
2025-06-25 18:35:00,212.1200,212.1800,212.0400,212.0600,1349
2025-06-25 18:30:00,212.0610,212.1800,212.0610,212.0900,2779
2025-06-25 18:25:00,212.0800,212.1300,212.0500,212.1100,3006
2025-06-25 18:20:00,212.1200,212.1200,212.0600,212.0900,451
2025-06-25 18:15:00,212.1050,212.2000,212.0600,212.1200,3305
2025-06-25 18:10:00,212.0800,212.1900,212.0400,212.1100,2490
2025-06-25 18:05:00,212.0900,212.1900,212.0000,212.1700,985
2025-06-25 18:00:00,212.0800,212.1900,211.9600,212.0000,2871
2025-06-25 17:55:00,211.9900,212.1000,211.9500,212.1000,1708
2025-06-25 17:50:00,212.0200,212.0800,211.9500,211.9500,6772
2025-06-25 17:45:00,212.0490,212.0500,212.0000,212.0200,3394
2025-06-25 17:40:00,212.0500,212.0500,212.0100,212.0300,1653
2025-06-25 17:35:00,212.0600,212.0800,212.0100,212.0300,1886
2025-06-25 17:30:00,212.1200,212.1300,212.0400,212.0700,2246
2025-06-25 17:25:00,212.0800,212.1300,212.0300,212.1000,1447
2025-06-25 17:20:00,212.0850,212.1400,212.0300,212.1300,3248
2025-06-25 17:15:00,212.1450,212.1680,207.6278,212.1000,9850
2025-06-25 17:10:00,212.1900,212.1900,212.0600,212.1700,2230
2025-06-25 17:05:00,212.0700,217.1549,200.4252,212.1400,3248
2025-06-25 17:00:00,212.0550,212.1100,200.4252,212.0800,2058
2025-06-25 16:55:00,212.1200,212.1200,200.0461,212.0300,1779
2025-06-25 16:50:00,212.0900,212.1400,207.6278,212.0650,2804
2025-06-25 16:45:00,212.0450,212.0900,200.6354,212.0501,1148
2025-06-25 16:40:00,211.9950,212.2000,211.9900,212.0003,6855
2025-06-25 16:35:00,212.0100,212.0300,211.9600,211.9950,18619
2025-06-25 16:30:00,212.0450,212.1000,211.9600,211.9950,6147
2025-06-25 16:25:00,211.9400,212.1400,211.9400,212.0450,8457
2025-06-25 16:20:00,211.8647,212.1230,211.8000,211.9400,12876
2025-06-25 16:15:00,211.9900,211.9900,211.8000,211.8750,5205
2025-06-25 16:10:00,211.9400,211.9400,211.7500,211.8400,5229
2025-06-25 16:05:00,212.0500,212.1000,211.7500,211.8450,18514
2025-06-25 16:00:00,212.0800,212.1800,211.5844,212.0900,8567587
2025-06-25 15:55:00,211.7700,212.1300,211.6700,212.0600,2096598
2025-06-25 15:50:00,211.8400,212.1500,211.6600,211.7800,685075
2025-06-25 15:45:00,211.9248,212.0150,211.6900,211.8000,385761
2025-06-25 15:40:00,211.5900,211.9400,211.5750,211.9300,300500
2025-06-25 15:35:00,211.6100,211.6998,211.5400,211.5970,265003
2025-06-25 15:30:00,211.7500,211.8800,211.5550,211.6150,408784
2025-06-25 15:25:00,211.7599,211.9900,211.7450,211.7668,267109
2025-06-25 15:20:00,211.4865,211.8000,211.4800,211.7550,281968
2025-06-25 15:15:00,211.6150,211.6600,211.3303,211.4800,246299
2025-06-25 15:10:00,211.6200,211.7800,211.5700,211.6100,259745
2025-06-25 15:05:00,211.8000,211.8166,211.5450,211.6298,249485
2025-06-25 15:00:00,211.5400,211.8750,211.5200,211.8050,232635
2025-06-25 14:55:00,211.4300,211.6400,211.4000,211.5400,207774
2025-06-25 14:50:00,211.5000,211.5000,211.3450,211.4250,162546
2025-06-25 14:45:00,211.5700,211.6400,211.4500,211.5260,127503
2025-06-25 14:40:00,211.6500,211.7500,211.5500,211.5699,201445
2025-06-25 14:35:00,211.5750,211.6797,211.5100,211.6401,146437
2025-06-25 14:30:00,211.5898,211.6600,211.4600,211.5700,169833
2025-06-25 14:25:00,211.5200,211.6500,211.4300,211.6000,222365
2025-06-25 14:20:00,211.3400,211.5900,211.3100,211.5300,204196
2025-06-25 14:15:00,211.3050,211.5509,211.2600,211.3400,236507
2025-06-25 14:10:00,211.3900,211.4708,211.2800,211.3050,204204
2025-06-25 14:05:00,211.3700,211.4400,211.1900,211.3800,234111
2025-06-25 14:00:00,211.1900,211.4193,211.1100,211.3500,364621
2025-06-25 13:55:00,211.3600,211.6200,211.1700,211.1800,369708
2025-06-25 13:50:00,211.7300,211.9300,211.3600,211.3600,349242
2025-06-25 13:45:00,211.7900,211.8400,211.5900,211.7250,260782
2025-06-25 13:40:00,212.1000,212.1400,211.5900,211.7830,419927
2025-06-25 13:35:00,212.1750,212.1750,211.9800,212.1100,197480
2025-06-25 13:30:00,212.2050,212.2899,212.1200,212.1826,175399
2025-06-25 13:25:00,212.4700,212.4850,211.9600,212.2100,512069
2025-06-25 13:20:00,212.3450,212.5600,212.3450,212.4700,152019
2025-06-25 13:15:00,212.5000,212.5500,212.2100,212.3400,259843
2025-06-25 13:10:00,212.5300,212.6197,212.3550,212.5000,193866
2025-06-25 13:05:00,212.3900,212.6600,212.3200,212.5300,256756
2025-06-25 13:00:00,212.7400,212.8400,212.3200,212.3848,297009
2025-06-25 12:55:00,212.7600,212.9000,212.6200,212.7499,281101
2025-06-25 12:50:00,212.7200,212.9300,212.6600,212.7700,214265
2025-06-25 12:45:00,212.7700,212.8400,212.6400,212.7300,160245
2025-06-25 12:40:00,212.8700,212.9000,212.7200,212.7900,167514
2025-06-25 12:35:00,212.8500,212.8700,212.7300,212.8700,138587
2025-06-25 12:30:00,212.8900,212.9300,212.8200,212.8299,167220
2025-06-25 12:25:00,212.8100,212.9800,212.7800,212.8850,168757
2025-06-25 12:20:00,213.0400,213.0400,212.7200,212.8334,292629
2025-06-25 12:15:00,213.1757,213.2999,213.0100,213.0550,164380
2025-06-25 12:10:00,213.0800,213.2300,213.0150,213.1869,169397
2025-06-25 12:05:00,213.1000,213.2200,212.9900,213.1000,220095
2025-06-25 12:00:00,213.2200,213.3400,213.0900,213.1095,199681
2025-06-25 11:55:00,213.2300,213.3600,213.1850,213.2200,151897
2025-06-25 11:50:00,213.3800,213.4700,213.1900,213.2467,180535
2025-06-25 11:45:00,213.1900,213.4000,213.0200,213.4000,254567
2025-06-25 11:40:00,213.5900,213.5900,213.1696,213.1800,206627
2025-06-25 11:35:00,213.4750,213.6098,213.3900,213.5925,155354
2025-06-25 11:30:00,213.7800,213.7800,213.4200,213.4775,203426
2025-06-25 11:25:00,213.7700,213.9400,213.7280,213.7698,220877
2025-06-25 11:20:00,213.6600,213.8100,213.6100,213.7494,251403
2025-06-25 11:15:00,213.5500,213.8000,213.5200,213.6500,191796
2025-06-25 11:10:00,213.4900,213.7755,213.3900,213.5450,298238
2025-06-25 11:05:00,213.5200,213.6500,213.4001,213.5000,249402
2025-06-25 11:00:00,213.7416,213.8100,213.4100,213.5200,306024
2025-06-25 10:55:00,213.9100,214.0904,213.6700,213.7420,214390
2025-06-25 10:50:00,214.0800,214.0900,213.7884,213.8900,234236
2025-06-25 10:45:00,214.3000,214.5900,213.9900,214.0975,414781
2025-06-25 10:40:00,214.0500,214.4300,214.0000,214.2867,313634
2025-06-25 10:35:00,214.2550,214.4196,214.0100,214.0550,270585
2025-06-25 10:30:00,213.8700,214.2704,213.8600,214.2600,311706
2025-06-25 10:25:00,213.9950,214.1796,213.7700,213.8600,247295
2025-06-25 10:20:00,214.1400,214.2300,213.8900,213.9950,223745
2025-06-25 10:15:00,213.8100,214.3900,213.8000,214.1600,298500
2025-06-25 10:10:00,214.3100,214.3200,213.6650,213.8000,348599
2025-06-25 10:05:00,214.4600,214.5600,213.9900,214.2950,383607
2025-06-25 10:00:00,214.2900,214.7300,214.2300,214.4100,651752
2025-06-25 09:55:00,214.0602,214.4100,213.8100,214.2650,670296
2025-06-25 09:50:00,213.7600,214.0961,213.5300,214.0800,482688
2025-06-25 09:45:00,213.5200,213.9000,213.3700,213.7900,663399
2025-06-25 09:40:00,214.3900,214.4583,213.4800,213.4900,703315
2025-06-25 09:35:00,214.8336,215.1491,214.0500,214.3850,634581
2025-06-25 09:30:00,214.6150,216.0300,214.2200,214.8500,1935974
2025-06-25 09:25:00,214.3300,214.7500,214.0000,214.6000,29946
2025-06-25 09:20:00,214.3300,214.4999,214.3000,214.3300,6493
2025-06-25 09:15:00,214.4200,214.5000,214.2800,214.4500,12333
2025-06-25 09:10:00,214.2000,214.5000,214.1500,214.4200,16323
2025-06-25 09:05:00,214.2500,214.3100,214.1500,214.2500,24692
2025-06-25 09:00:00,214.2900,214.3200,214.2400,214.2500,7431
2025-06-25 08:55:00,214.3286,214.3300,214.2500,214.3000,7959
2025-06-25 08:50:00,214.2750,214.3400,214.2500,214.2900,7505
2025-06-25 08:45:00,214.2800,214.3300,214.2500,214.2500,5292
2025-06-25 08:40:00,214.3000,214.3300,214.2400,214.3100,13126
2025-06-25 08:35:00,213.9200,214.3400,213.8900,214.2508,17914
2025-06-25 08:30:00,214.0491,214.1500,213.9200,213.9200,14107
2025-06-25 08:25:00,213.9982,214.1200,213.8900,214.0000,9410
2025-06-25 08:20:00,214.0500,214.1300,212.7700,214.0000,8434
2025-06-25 08:15:00,214.0300,214.1300,214.0000,214.1300,7654
2025-06-25 08:10:00,213.9900,214.0900,213.8800,214.0600,9889
2025-06-25 08:05:00,213.9200,213.9900,212.7700,213.9700,5415
2025-06-25 08:00:00,213.6988,214.7920,212.7700,213.9200,80572
2025-06-25 07:55:00,213.7500,213.9000,213.7500,213.8500,2394
2025-06-25 07:50:00,213.5500,213.8700,213.5300,213.7400,4211
2025-06-25 07:45:00,213.5000,213.5700,213.4800,213.5500,2103
2025-06-25 07:40:00,213.5200,213.5200,213.4100,213.5100,2243
2025-06-25 07:35:00,213.5400,213.5500,213.4800,213.5200,2813
2025-06-25 07:30:00,213.4700,213.6000,213.4700,213.6000,538
2025-06-25 07:25:00,213.4700,213.4900,213.3900,213.4100,2034
2025-06-25 07:20:00,213.3400,213.5000,213.2700,213.4600,11699
2025-06-25 07:15:00,213.4000,213.5300,213.2500,213.3700,1287
2025-06-25 07:10:00,213.5500,213.5500,213.4000,213.4000,1005
2025-06-25 07:05:00,213.5700,213.6400,213.3000,213.5500,5958
2025-06-25 07:00:00,213.4000,213.7100,213.2800,213.5700,10083
2025-06-25 06:55:00,213.4700,213.6700,213.2000,213.2900,11296
2025-06-25 06:50:00,213.6300,213.6300,213.1900,213.5600,16885
2025-06-25 06:45:00,213.6900,213.7600,213.6000,213.6900,2441
2025-06-25 06:40:00,213.7200,213.7400,213.5700,213.6700,2561
2025-06-25 06:35:00,214.1800,214.2700,213.5700,213.7300,6187
2025-06-25 06:30:00,214.1100,214.3000,214.0000,214.2900,6315
2025-06-25 06:25:00,214.1200,214.1600,214.0000,214.0100,3261
2025-06-25 06:20:00,214.1200,214.1900,214.0400,214.0700,3155
2025-06-25 06:15:00,214.2000,214.2100,214.0500,214.1200,1640
2025-06-25 06:10:00,214.2000,214.2900,214.1100,214.2000,3199
2025-06-25 06:05:00,214.2600,214.3100,214.2000,214.2000,887
2025-06-25 06:00:00,214.2400,214.2900,214.2100,214.2600,621
2025-06-25 05:55:00,214.3000,214.3200,214.2000,214.2500,1443
2025-06-25 05:50:00,214.3100,214.3400,214.2700,214.3000,563
2025-06-25 05:45:00,214.3300,214.3400,214.2800,214.3100,232
2025-06-25 05:40:00,214.3000,214.3500,214.2400,214.2400,436
2025-06-25 05:35:00,214.2800,214.3600,214.2700,214.3100,1447
2025-06-25 05:30:00,214.2800,214.2900,214.1900,214.2700,1577
2025-06-25 05:25:00,214.7000,214.7000,214.2000,214.2100,1657
2025-06-25 05:20:00,214.6500,214.7600,214.6500,214.6600,829
2025-06-25 05:15:00,214.7400,214.7400,214.6100,214.6500,659
2025-06-25 05:10:00,214.7300,214.7600,214.5100,214.7200,2715
2025-06-25 05:05:00,214.3500,214.7300,214.3500,214.7000,4859
2025-06-25 05:00:00,214.2000,214.3700,214.1500,214.3100,2138
2025-06-25 04:55:00,214.1000,214.2400,214.0400,214.2100,1536
2025-06-25 04:50:00,214.2300,214.2400,214.1000,214.1000,696
2025-06-25 04:45:00,214.2000,214.2800,213.9000,214.2200,4157
2025-06-25 04:40:00,214.1300,214.2500,214.0200,214.2100,479
2025-06-25 04:35:00,214.1000,214.1800,214.0000,214.0900,261
2025-06-25 04:30:00,214.1600,214.1600,213.7100,213.9400,3680
2025-06-25 04:25:00,214.2100,214.2500,214.1000,214.1600,2559
2025-06-25 04:20:00,214.1800,214.2200,214.1100,214.1500,1996
2025-06-25 04:15:00,214.0800,214.2300,214.0800,214.1600,2212
2025-06-25 04:10:00,213.9400,214.0800,213.8700,214.0800,1478
2025-06-25 04:05:00,213.9500,214.0000,213.8500,213.9300,7993
2025-06-25 04:00:00,213.3500,218.0000,213.3500,213.9600,29178
2025-06-24 19:55:00,212.9500,213.0000,212.9000,213.0000,4007
2025-06-24 19:50:00,212.9000,212.9900,212.8600,212.9100,4070
2025-06-24 19:45:00,212.8800,212.9900,212.8500,212.9900,3614
2025-06-24 19:40:00,212.9000,212.9200,212.8000,212.8800,2524
2025-06-24 19:35:00,212.8700,212.9200,212.8500,212.8800,2594
2025-06-24 19:30:00,212.9300,212.9350,212.8500,212.9000,5016
2025-06-24 19:25:00,212.9200,212.9900,212.8500,212.9304,742
2025-06-24 19:20:00,212.9000,212.9900,212.8500,212.9200,1099
2025-06-24 19:15:00,212.9900,212.9900,212.8500,212.9900,814
2025-06-24 19:10:00,212.9900,212.9900,212.8500,212.8500,1028
2025-06-24 19:05:00,212.9200,212.9900,212.8500,212.8500,1067
2025-06-24 19:00:00,212.9311,212.9900,212.8600,212.9700,518
2025-06-24 18:55:00,212.8700,212.9900,212.8100,212.9250,1019
2025-06-24 18:50:00,212.9200,213.0000,212.8500,212.9000,1644
2025-06-24 18:45:00,212.9100,212.9900,212.8300,212.8503,619
2025-06-24 18:40:00,213.0800,213.0800,212.8300,212.8800,2554
2025-06-24 18:35:00,212.8600,213.0800,212.8600,213.0800,276
2025-06-24 18:30:00,212.9500,213.1500,212.8600,213.0000,1104
2025-06-24 18:25:00,213.0000,213.0000,212.8500,212.9220,1657
2025-06-24 18:20:00,212.9400,213.1500,212.8500,212.9900,3216
2025-06-24 18:15:00,213.1699,213.1699,212.9400,212.9700,935
2025-06-24 18:10:00,213.0750,213.2000,212.9300,213.1100,707
2025-06-24 18:05:00,212.9500,213.2000,212.8500,213.2000,2717
2025-06-24 18:00:00,213.1600,213.2000,212.8600,212.9800,5937
2025-06-24 17:55:00,213.2000,213.2000,213.1200,213.1600,969
2025-06-24 17:50:00,213.1550,213.2000,213.1100,213.2000,1491
2025-06-24 17:45:00,213.2000,213.2800,213.1100,213.1600,812
2025-06-24 17:40:00,213.2300,213.3100,213.1200,213.2800,1367
2025-06-24 17:35:00,213.2900,213.3000,213.1100,213.1800,1834
2025-06-24 17:30:00,213.3000,227.9304,213.0600,213.1100,1186
2025-06-24 17:25:00,213.2500,216.2711,206.6786,213.1800,3369
2025-06-24 17:20:00,213.1300,213.4500,198.9150,213.3365,2063
2025-06-24 17:15:00,213.4000,227.9304,198.3703,213.2100,4154
2025-06-24 17:10:00,213.3600,213.4500,199.2689,213.3900,5244
2025-06-24 17:05:00,213.3000,213.3900,212.1414,213.3550,3841
2025-06-24 17:00:00,213.2100,213.3700,205.4627,213.3200,6690
2025-06-24 16:55:00,213.3750,213.3900,213.1100,213.3000,9081
2025-06-24 16:50:00,213.3550,221.3652,212.7700,213.3700,119050
2025-06-24 16:45:00,213.2000,213.4000,212.7700,213.3900,41510
2025-06-24 16:40:00,213.1900,227.9304,213.1500,213.2000,5722
2025-06-24 16:35:00,212.9350,213.2000,212.7700,213.1700,102687
2025-06-24 16:30:00,212.8600,212.9700,212.8100,212.9700,4452
2025-06-24 16:25:00,212.8900,215.6450,212.8000,212.8550,3394
2025-06-24 16:20:00,212.7700,213.1896,212.7700,212.8550,8771
2025-06-24 16:15:00,212.8800,212.9700,212.7700,212.9000,4373
2025-06-24 16:10:00,212.7700,212.9700,212.7700,212.9200,35586
2025-06-24 16:05:00,212.8900,212.9900,212.7700,212.8600,89697
2025-06-24 16:00:00,212.7850,213.5200,212.7700,212.8900,12846956
2025-06-24 15:55:00,213.1500,213.1700,212.7600,212.7700,2273051
2025-06-24 15:50:00,214.0300,214.0800,213.1000,213.1600,926489
2025-06-24 15:45:00,213.7700,214.0500,213.7400,214.0500,451100
2025-06-24 15:40:00,213.6600,213.8050,213.3800,213.7800,510273
2025-06-24 15:35:00,213.4750,213.7800,213.4750,213.6564,345969
2025-06-24 15:30:00,213.5700,213.7100,213.4800,213.4900,291520
2025-06-24 15:25:00,213.6766,213.7900,213.5000,213.5600,244146
2025-06-24 15:20:00,213.5900,213.8050,213.5100,213.6700,251693
2025-06-24 15:15:00,213.5650,213.6400,213.3500,213.6000,324339
2025-06-24 15:10:00,213.8200,213.8200,213.5300,213.5764,236934
2025-06-24 15:05:00,213.8000,213.8500,213.6600,213.8003,244241
2025-06-24 15:00:00,213.9700,214.0900,213.8000,213.8000,240951
2025-06-24 14:55:00,213.7000,214.0100,213.7000,213.9700,265519
2025-06-24 14:50:00,213.8100,213.8600,213.6500,213.7000,151163
2025-06-24 14:45:00,213.7450,213.9000,213.7350,213.8090,235497
2025-06-24 14:40:00,213.7700,213.8800,213.6407,213.7485,176330
2025-06-24 14:35:00,213.5100,213.7700,213.4900,213.7656,165612
2025-06-24 14:30:00,213.5750,213.6100,213.4800,213.5000,201721
2025-06-24 14:25:00,213.5600,213.6600,213.5000,213.5699,168360
2025-06-24 14:20:00,213.6003,213.7100,213.5300,213.5400,228912
2025-06-24 14:15:00,213.6350,213.7300,213.5700,213.6100,228652
2025-06-24 14:10:00,214.0066,214.0500,213.6350,213.6350,234680
2025-06-24 14:05:00,214.1000,214.1339,213.9100,214.0100,213596
2025-06-24 14:00:00,214.1400,214.3000,213.9931,214.0950,279359
2025-06-24 13:55:00,214.2400,214.3400,214.0700,214.1300,168696
2025-06-24 13:50:00,214.2800,214.3200,214.0700,214.2400,221183
2025-06-24 13:45:00,213.9300,214.3100,213.9250,214.2850,215320
2025-06-24 13:40:00,213.8000,214.1200,213.7700,213.9450,225233
2025-06-24 13:35:00,213.9350,213.9900,213.7200,213.7900,120543
2025-06-24 13:30:00,213.7400,214.1700,213.7300,213.9500,304502
2025-06-24 13:25:00,213.8383,213.8500,213.6800,213.7432,133658
2025-06-24 13:20:00,213.9100,213.9800,213.6000,213.8150,392562
2025-06-24 13:15:00,213.6544,213.9274,213.6050,213.9100,147442
2025-06-24 13:10:00,213.6800,213.7900,213.5500,213.6550,206664
2025-06-24 13:05:00,214.0400,214.1300,213.6650,213.6950,221578
2025-06-24 13:00:00,213.8066,214.1500,213.7689,214.0400,383950
2025-06-24 12:55:00,213.7200,213.9000,213.6600,213.8100,293645
2025-06-24 12:50:00,213.7200,213.8800,213.6800,213.7100,296945
2025-06-24 12:45:00,213.6650,213.8500,213.6100,213.7200,252430
2025-06-24 12:40:00,213.4400,213.7500,213.4000,213.6600,188641
2025-06-24 12:35:00,213.3800,213.5100,213.3500,213.4393,147870
2025-06-24 12:30:00,213.3907,213.5300,213.2300,213.3700,306960
2025-06-24 12:25:00,213.4700,213.6833,213.3900,213.4050,189157
2025-06-24 12:20:00,213.3700,213.4900,213.2400,213.4900,161921
2025-06-24 12:15:00,213.3800,213.4700,213.3450,213.3600,162338
2025-06-24 12:10:00,213.1200,213.4000,213.0504,213.3750,206537
2025-06-24 12:05:00,213.3050,213.3200,213.0815,213.1270,250088
2025-06-24 12:00:00,213.1100,213.3400,213.0000,213.2801,287419
2025-06-24 11:55:00,213.4200,213.4400,213.0900,213.1050,275638
2025-06-24 11:50:00,213.6204,213.7950,213.4000,213.4250,331420
2025-06-24 11:45:00,213.3850,213.6650,213.3300,213.5900,261675
2025-06-24 11:40:00,213.2700,213.4800,213.2400,213.3856,186749
2025-06-24 11:35:00,213.1100,213.3600,213.0800,213.2700,331522
2025-06-24 11:30:00,213.4700,213.5099,213.0700,213.0900,332453
2025-06-24 11:25:00,213.6208,213.6500,213.3400,213.4550,802959
2025-06-24 11:20:00,213.3258,213.6500,213.3000,213.6100,446154
2025-06-24 11:15:00,213.4300,213.7000,213.2800,213.3100,380487
2025-06-24 11:10:00,213.1100,213.5175,213.0600,213.4285,428393
2025-06-24 11:05:00,212.5700,213.1400,212.5500,213.1000,782743
2025-06-24 11:00:00,212.2900,212.6353,212.2900,212.5500,347786
2025-06-24 10:55:00,212.4100,212.4600,212.0400,212.2750,450013
2025-06-24 10:50:00,212.4900,212.5100,212.2500,212.4100,284052
2025-06-24 10:45:00,212.9091,213.0500,212.5000,212.5000,418282
2025-06-24 10:40:00,212.5100,212.9130,212.4600,212.9130,382802
2025-06-24 10:35:00,212.6150,212.6150,212.2800,212.5300,254686
2025-06-24 10:30:00,212.6800,212.7900,212.4750,212.6299,271853
2025-06-24 10:25:00,212.7300,212.8100,212.5600,212.6800,271891
2025-06-24 10:20:00,212.6700,212.8900,212.6200,212.7200,329511
2025-06-24 10:15:00,212.4400,212.9700,212.3300,212.6300,412324
2025-06-24 10:10:00,212.3900,212.7110,212.3100,212.4450,391078
2025-06-24 10:05:00,212.5750,212.8150,212.0000,212.3900,462847
2025-06-24 10:00:00,213.2475,213.4600,212.3200,212.5700,652463
2025-06-24 09:55:00,213.3754,213.6900,213.1100,213.2650,606733
2025-06-24 09:50:00,213.6100,213.6100,213.0300,213.3700,532109
2025-06-24 09:45:00,213.2750,213.9700,213.1300,213.6100,855266
2025-06-24 09:40:00,212.5700,213.5200,212.4500,213.2708,695088
2025-06-24 09:35:00,212.3000,213.4000,212.0850,212.5550,1365581
2025-06-24 09:30:00,212.1350,212.4300,211.0450,212.3300,1992481
2025-06-24 09:25:00,211.8200,212.7500,211.7500,212.2300,49772
2025-06-24 09:20:00,211.8800,212.0000,211.8000,211.8000,14218
2025-06-24 09:15:00,212.1100,212.2000,211.8800,211.9300,21523
2025-06-24 09:10:00,211.9800,212.1500,211.9200,212.1489,15544
2025-06-24 09:05:00,212.0700,212.0700,211.9500,211.9700,19372
2025-06-24 09:00:00,211.8700,212.1900,211.8100,212.0683,25057
2025-06-24 08:55:00,211.7699,211.8800,211.7000,211.8700,10371
2025-06-24 08:50:00,211.8900,211.9000,211.6000,211.7350,16385
2025-06-24 08:45:00,212.0000,212.0200,211.8300,211.8900,15938
2025-06-24 08:40:00,212.2700,212.3000,211.8000,212.0000,18136
2025-06-24 08:35:00,212.2100,212.5000,212.2100,212.3000,48692
2025-06-24 08:30:00,211.2100,212.2500,211.0000,212.2101,38373
2025-06-24 08:25:00,211.2800,211.2845,211.1000,211.2400,7898
2025-06-24 08:20:00,211.2100,211.3700,211.0000,211.3000,16951
2025-06-24 08:15:00,211.3700,211.3900,211.1400,211.2000,13575
2025-06-24 08:10:00,211.9300,211.9500,211.2400,211.3150,16983
2025-06-24 08:05:00,211.9200,212.0000,211.8100,211.8400,10876
2025-06-24 08:00:00,211.4212,212.7300,208.4700,211.8800,152389
2025-06-24 07:55:00,211.9600,212.0000,211.8100,211.9000,4678
2025-06-24 07:50:00,212.0300,212.0700,211.8700,211.9600,7153
2025-06-24 07:45:00,211.5000,212.0700,211.4900,212.0700,14676
2025-06-24 07:40:00,211.5900,211.6200,211.4200,211.4900,5293
2025-06-24 07:35:00,211.3900,211.6100,211.3600,211.6100,4468
2025-06-24 07:30:00,211.6000,211.7000,211.4500,211.4700,7528
2025-06-24 07:25:00,211.3000,211.7000,211.2800,211.6900,4957
2025-06-24 07:20:00,211.3500,211.3500,211.1200,211.3000,8098
2025-06-24 07:15:00,211.4900,211.6400,211.3000,211.3400,4210
2025-06-24 07:10:00,211.4500,211.6000,211.4000,211.5000,6819
2025-06-24 07:05:00,212.0800,212.0800,211.4400,211.5000,5636
2025-06-24 07:00:00,212.0900,212.1800,211.9200,212.0000,10553
2025-06-24 06:55:00,212.1100,212.2600,212.0100,212.1100,8190
2025-06-24 06:50:00,212.1500,212.2000,212.0400,212.1000,1643
2025-06-24 06:45:00,212.0200,212.1800,212.0200,212.1600,1322
2025-06-24 06:40:00,212.0500,212.1800,211.9900,212.0000,2780
2025-06-24 06:35:00,211.8000,212.0300,211.7800,212.0300,5712
2025-06-24 06:30:00,211.6700,211.7900,211.6000,211.7900,1459
2025-06-24 06:25:00,211.6800,211.7900,211.6000,211.6100,3965
2025-06-24 06:20:00,211.6000,211.7500,211.6000,211.6900,737
2025-06-24 06:15:00,211.5500,211.6700,211.4900,211.6100,4788
2025-06-24 06:10:00,211.6800,211.7500,211.5000,211.5500,6923
2025-06-24 06:05:00,211.7600,211.8200,211.5900,211.7200,5517
2025-06-24 06:00:00,211.8400,211.9600,211.6700,211.6700,1869
2025-06-24 05:55:00,212.0000,212.0800,211.8500,211.8500,4582
2025-06-24 05:50:00,212.0900,212.1200,211.9000,212.0900,2158
2025-06-24 05:45:00,212.2100,212.2200,212.0100,212.0500,1616
2025-06-24 05:40:00,212.3200,212.3700,212.1300,212.2700,3139
2025-06-24 05:35:00,212.3300,212.4200,212.1700,212.2900,4178
2025-06-24 05:30:00,212.3600,212.4500,212.2700,212.2700,3142
2025-06-24 05:25:00,212.3700,212.4700,212.2600,212.3900,2827
2025-06-24 05:20:00,212.3000,212.4200,212.2100,212.4000,2831
2025-06-24 05:15:00,212.1700,212.4100,212.1100,212.3500,642
2025-06-24 05:10:00,212.2500,212.3000,212.0400,212.1500,2455
2025-06-24 05:05:00,212.1600,212.3400,212.1600,212.3400,2196
2025-06-24 05:00:00,212.2600,212.2900,212.1200,212.2100,3181
2025-06-24 04:55:00,212.0700,212.2600,212.0100,212.1500,1936
2025-06-24 04:50:00,212.0000,212.1600,211.9100,212.1100,5689
2025-06-24 04:45:00,211.9000,212.1000,211.8500,211.9900,3029
2025-06-24 04:40:00,212.0100,212.0500,211.8300,211.8500,3594
2025-06-24 04:35:00,212.1000,212.1800,212.0000,212.0800,2370
2025-06-24 04:30:00,212.3900,212.3900,212.0100,212.0300,4221
2025-06-24 04:25:00,212.3700,212.3900,212.2100,212.3500,3520
2025-06-24 04:20:00,212.1600,212.4700,212.1300,212.3200,6516
2025-06-24 04:15:00,212.2700,212.3400,212.0200,212.2200,4142
2025-06-24 04:10:00,212.0700,212.4600,212.0200,212.2300,8403
2025-06-24 04:05:00,211.9800,212.1700,211.8600,212.0200,9040
2025-06-24 04:00:00,212.0000,212.0800,211.1200,212.0000,31659
2025-06-23 19:55:00,210.8883,210.8900,210.5500,210.6800,11500
2025-06-23 19:50:00,210.8700,210.9600,210.7500,210.8200,12962
2025-06-23 19:45:00,210.7800,210.9800,210.5000,210.9600,7964
2025-06-23 19:40:00,210.9000,210.9600,210.7700,210.8000,14546
2025-06-23 19:35:00,210.8500,211.0900,210.8000,210.8500,9612
2025-06-23 19:30:00,211.0590,211.0600,210.7700,210.8100,11167
2025-06-23 19:25:00,211.0300,211.1000,211.0000,211.0600,19730
2025-06-23 19:20:00,210.9700,211.1100,210.8500,211.0500,17576
2025-06-23 19:15:00,210.8100,211.3300,210.7600,210.9533,23813
2025-06-23 19:10:00,210.6900,210.8800,210.6600,210.8100,13863
2025-06-23 19:05:00,210.6000,210.7500,210.4000,210.7399,11222
2025-06-23 19:00:00,210.4500,210.6900,210.4000,210.6000,19933
2025-06-23 18:55:00,210.3500,210.4500,210.2800,210.4400,11048
2025-06-23 18:50:00,210.2750,210.4000,210.2000,210.3500,8487
2025-06-23 18:45:00,210.3400,210.3600,210.2000,210.2600,11814
2025-06-23 18:40:00,210.2800,210.4000,210.1500,210.2300,31113
2025-06-23 18:35:00,210.4500,210.4500,210.0300,210.2989,22773
2025-06-23 18:30:00,210.0500,210.4900,210.0000,210.4500,24313
2025-06-23 18:25:00,210.0650,210.3300,209.9000,210.0750,32450
2025-06-23 18:20:00,209.8300,210.1300,209.8000,210.0800,28533
2025-06-23 18:15:00,209.8800,209.9700,209.8000,209.8301,26455
2025-06-23 18:10:00,209.5500,209.9000,209.3700,209.8800,13598
2025-06-23 18:05:00,209.1000,209.8500,209.1000,209.4000,25488
2025-06-23 18:00:00,208.6450,209.9700,208.5100,209.4400,21782
2025-06-23 17:55:00,208.6600,208.6800,208.6300,208.6300,3780
2025-06-23 17:50:00,208.7200,208.7200,208.6300,208.6800,820
2025-06-23 17:45:00,208.6900,208.7400,208.6300,208.6750,3644
2025-06-23 17:40:00,208.7100,208.7400,208.6400,208.6900,1168
2025-06-23 17:35:00,208.6800,208.7400,208.6100,208.7100,1032
2025-06-23 17:30:00,208.6700,208.7400,208.6000,208.6800,1064
2025-06-23 17:25:00,208.7400,208.7400,201.4058,208.7400,919
2025-06-23 17:20:00,208.7100,208.7400,208.5100,208.6500,23338
2025-06-23 17:15:00,208.7400,214.3587,208.7100,208.7200,3372
2025-06-23 17:10:00,208.7500,208.7700,196.1823,208.7110,3306
2025-06-23 17:05:00,208.7100,208.7700,207.9675,208.7700,3757
2025-06-23 17:00:00,196.1823,215.2320,196.1823,208.7200,3469
2025-06-23 16:55:00,208.7600,208.8300,199.3539,208.7400,7236
2025-06-23 16:50:00,208.7500,208.8300,198.8444,208.7850,474418
2025-06-23 16:45:00,208.6100,208.7500,201.5266,208.7300,8339
2025-06-23 16:40:00,208.6000,208.7500,208.4700,208.6250,14299
2025-06-23 16:35:00,208.5585,208.7400,208.4700,208.6200,6957
2025-06-23 16:30:00,208.5700,208.6000,208.4700,208.5600,18748
2025-06-23 16:25:00,208.5400,208.6500,208.4700,208.5500,143671
2025-06-23 16:20:00,208.4700,208.5800,205.6235,208.5400,78954
2025-06-23 16:15:00,208.5600,208.5900,208.4100,208.5000,14676
2025-06-23 16:10:00,208.3850,208.6700,208.3700,208.5700,20299
2025-06-23 16:05:00,208.4000,208.4700,208.3067,208.3850,78064
2025-06-23 16:00:00,208.4700,208.7000,208.3000,208.4050,9606814
2025-06-23 15:55:00,208.5100,208.6100,208.2600,208.4800,1856129
2025-06-23 15:50:00,208.6100,208.8780,208.3600,208.5000,959017
2025-06-23 15:45:00,208.6300,208.6400,208.4131,208.6100,395116
2025-06-23 15:40:00,208.9100,208.9100,208.5600,208.6390,347853
2025-06-23 15:35:00,209.0400,209.0600,208.8650,208.9050,327630
2025-06-23 15:30:00,209.0900,209.1100,208.9500,209.0400,329444
2025-06-23 15:25:00,209.1400,209.2100,209.0600,209.0850,219984
2025-06-23 15:20:00,208.9100,209.1600,208.8700,209.1400,219421
2025-06-23 15:15:00,209.2000,209.2800,208.9000,208.9150,230318
2025-06-23 15:10:00,209.2600,209.3600,209.1701,209.1950,219821
2025-06-23 15:05:00,209.4100,209.4100,209.2100,209.2600,209306
2025-06-23 15:00:00,209.2000,209.5500,209.1700,209.4115,266817
2025-06-23 14:55:00,209.1600,209.2200,209.0400,209.2100,145923
2025-06-23 14:50:00,209.3000,209.3000,209.0610,209.1600,210643
2025-06-23 14:45:00,209.3900,209.3981,209.2600,209.2900,121493
2025-06-23 14:40:00,209.3501,209.4500,209.2500,209.3900,129528
2025-06-23 14:35:00,209.5400,209.6600,209.3500,209.3600,159598
2025-06-23 14:30:00,209.2900,209.6200,209.2800,209.5500,227930
2025-06-23 14:25:00,209.4200,209.4434,209.2000,209.2750,199334
2025-06-23 14:20:00,209.6800,209.6900,209.4200,209.4300,209264
2025-06-23 14:15:00,209.6000,209.7600,209.4809,209.6700,210571
2025-06-23 14:10:00,209.6900,209.7700,209.5600,209.5850,300553
2025-06-23 14:05:00,209.8350,210.0500,209.6900,209.7100,248760
2025-06-23 14:00:00,209.6400,209.8500,209.5701,209.8350,299653
2025-06-23 13:55:00,209.7300,209.8600,209.5900,209.6053,248318
2025-06-23 13:50:00,210.0200,210.0490,209.7100,209.7300,256052
2025-06-23 13:45:00,209.9050,210.2000,209.9000,209.9900,284607
2025-06-23 13:40:00,210.1900,210.2500,209.7450,209.9000,305391
2025-06-23 13:35:00,209.6700,210.3500,209.6600,210.1829,380268
2025-06-23 13:30:00,209.5300,209.9900,209.5300,209.6599,451328
2025-06-23 13:25:00,209.1100,209.6735,208.9800,209.5000,480324
2025-06-23 13:20:00,208.7100,209.1629,208.5901,209.1126,456826
2025-06-23 13:15:00,208.6000,208.7700,208.5200,208.6900,466208
2025-06-23 13:10:00,208.3400,208.7900,208.3200,208.5908,269111
2025-06-23 13:05:00,208.3500,208.6700,207.8500,208.3750,382521
2025-06-23 13:00:00,207.9400,208.4700,207.7500,208.3500,447115
2025-06-23 12:55:00,208.3500,208.3695,207.8400,207.9000,430448
2025-06-23 12:50:00,208.4150,208.5500,208.0450,208.3591,358865
2025-06-23 12:45:00,208.3200,208.7850,207.9400,208.4200,529990
2025-06-23 12:40:00,208.0100,208.5000,207.7500,208.3450,647594
2025-06-23 12:35:00,207.9500,208.1300,207.3101,208.0250,762750
2025-06-23 12:30:00,208.6500,208.6700,207.9308,207.9500,339326
2025-06-23 12:25:00,208.9200,208.9700,208.5650,208.6400,301678
2025-06-23 12:20:00,209.0250,209.0850,208.7848,208.9300,259211
2025-06-23 12:15:00,209.3350,209.3830,208.8700,209.0250,227152
2025-06-23 12:10:00,209.1932,209.4800,209.1300,209.3200,202567
2025-06-23 12:05:00,209.1000,209.3100,209.0300,209.1800,177849
2025-06-23 12:00:00,209.2500,209.3100,209.0231,209.1125,247687
2025-06-23 11:55:00,209.3800,209.5800,209.2544,209.2544,221726
2025-06-23 11:50:00,209.1450,209.4500,209.0800,209.3950,275931
2025-06-23 11:45:00,209.1050,209.2100,208.9400,209.1600,284745
2025-06-23 11:40:00,208.8700,209.1500,208.7300,209.1000,349107
2025-06-23 11:35:00,208.9400,209.0400,208.7400,208.8758,340812
2025-06-23 11:30:00,208.7900,209.0000,208.6700,208.9400,369188
2025-06-23 11:25:00,209.1600,209.2400,208.7200,208.8000,295628
2025-06-23 11:20:00,209.0600,209.2300,209.0250,209.1620,267419
2025-06-23 11:15:00,209.3600,209.4000,208.9503,209.0600,279559
2025-06-23 11:10:00,209.1450,209.3656,209.1450,209.3650,258289
2025-06-23 11:05:00,208.8300,209.1800,208.8300,209.1394,453432
2025-06-23 11:00:00,208.7700,209.0274,208.5500,208.8300,404989
2025-06-23 10:55:00,208.7200,208.9400,208.5000,208.7702,481991
2025-06-23 10:50:00,208.7400,208.9000,208.6500,208.7100,460945
2025-06-23 10:45:00,209.5200,209.6500,208.7103,208.7500,561212
2025-06-23 10:40:00,209.7450,209.8800,209.3700,209.5200,416164
2025-06-23 10:35:00,209.9000,209.9519,209.7300,209.7500,202663
2025-06-23 10:30:00,209.8650,209.9455,209.7000,209.9000,216744
2025-06-23 10:25:00,210.0600,210.1600,209.7400,209.8700,225194
2025-06-23 10:20:00,210.2450,210.3600,209.9500,210.0350,261636
2025-06-23 10:15:00,209.8300,210.3700,209.7350,210.2331,372481
2025-06-23 10:10:00,209.8600,209.9222,209.5700,209.8450,454547
2025-06-23 10:05:00,209.8600,210.3900,209.8100,209.8600,608585
2025-06-23 10:00:00,209.4250,209.8825,209.4250,209.8550,490624
2025-06-23 09:55:00,209.0100,209.5300,208.9100,209.4400,393437
2025-06-23 09:50:00,208.8500,209.0800,208.5410,209.0300,593130
2025-06-23 09:45:00,208.4300,209.0900,208.0600,208.8600,526470
2025-06-23 09:40:00,208.4000,208.6100,208.1200,208.4150,466012
2025-06-23 09:35:00,207.7000,208.5700,207.6000,208.4280,650106
2025-06-23 09:30:00,209.7900,210.0000,207.3900,207.6900,1911868
2025-06-23 09:25:00,210.1200,210.1300,209.2500,209.8000,30316
2025-06-23 09:20:00,210.0100,214.5250,209.9200,210.1500,11487
2025-06-23 09:15:00,209.7100,210.1099,209.5500,210.1000,7360
2025-06-23 09:10:00,209.7900,210.0000,209.5500,209.8400,11277
2025-06-23 09:05:00,209.9600,210.0700,209.6600,209.7000,18644
2025-06-23 09:00:00,209.8500,210.0000,209.6900,209.9600,13988
2025-06-23 08:55:00,209.8800,209.9900,209.7500,209.8485,5429
2025-06-23 08:50:00,209.8000,209.9000,209.6900,209.8900,4292
2025-06-23 08:45:00,209.9000,209.9900,209.6900,209.8400,5081
2025-06-23 08:40:00,209.6500,210.0000,209.6500,209.9800,8660
2025-06-23 08:35:00,209.7400,209.8500,209.6500,209.6750,8332
2025-06-23 08:30:00,209.5400,209.8500,209.3900,209.7500,4570
2025-06-23 08:25:00,209.5200,209.7000,209.4000,209.6500,6719
2025-06-23 08:20:00,209.6000,209.6283,209.3700,209.4950,9134
2025-06-23 08:15:00,209.4500,209.8500,209.3100,209.6900,7567
2025-06-23 08:10:00,209.4000,209.6100,209.1000,209.5900,3897
2025-06-23 08:05:00,209.6900,209.6900,209.0900,209.2500,5810
2025-06-23 08:00:00,209.9888,210.7800,208.0100,209.4100,142892
2025-06-23 07:55:00,209.1500,209.3000,209.1000,209.1900,2917
2025-06-23 07:50:00,208.8500,209.1500,208.7300,209.0900,4430
2025-06-23 07:45:00,208.8800,208.9000,208.5400,208.8700,4978
2025-06-23 07:40:00,209.1200,209.1300,208.8800,208.8800,2536
2025-06-23 07:35:00,209.0600,209.2900,209.0600,209.1500,1863
2025-06-23 07:30:00,209.1800,209.1800,209.0600,209.0700,1214
2025-06-23 07:25:00,209.1500,209.2500,208.8800,209.2300,14338
2025-06-23 07:20:00,209.3100,209.3100,209.0300,209.1200,2735
2025-06-23 07:15:00,209.3300,209.3300,209.0300,209.3100,4107
2025-06-23 07:10:00,209.4500,209.4500,209.2500,209.3500,2496
2025-06-23 07:05:00,209.6000,209.6100,209.3000,209.4400,8503
2025-06-23 07:00:00,209.8700,209.8900,209.6100,209.6100,6363
2025-06-23 06:55:00,209.8100,209.8900,209.8100,209.8300,1058
2025-06-23 06:50:00,209.8900,209.8900,209.8000,209.8300,795
2025-06-23 06:45:00,209.8400,209.8900,209.8000,209.8900,394
2025-06-23 06:40:00,210.0100,210.0400,209.8100,209.8200,1700
2025-06-23 06:35:00,210.0900,210.1200,210.0000,210.0300,1589
2025-06-23 06:30:00,210.0900,210.1000,209.9700,210.0000,2471
2025-06-23 06:25:00,210.1100,210.1900,210.0700,210.1000,1184
2025-06-23 06:20:00,210.1700,210.1800,209.9900,210.1000,7880
2025-06-23 06:15:00,210.2500,210.3200,210.0600,210.0900,730
2025-06-23 06:10:00,210.0200,210.4000,209.9900,210.2400,4041
2025-06-23 06:05:00,210.0200,210.2500,210.0100,210.0400,1786
2025-06-23 06:00:00,210.0600,210.1800,209.9900,210.0500,3432
2025-06-23 05:55:00,210.2200,210.3900,210.0300,210.0300,8517
2025-06-23 05:50:00,210.3100,210.3400,210.2000,210.2200,285
2025-06-23 05:45:00,210.3200,210.3900,210.2100,210.3100,1225
2025-06-23 05:40:00,210.3000,210.3800,210.2200,210.2700,992
2025-06-23 05:35:00,210.3700,210.3900,210.2300,210.3000,1137
2025-06-23 05:30:00,210.3700,210.4000,210.3000,210.3600,886
2025-06-23 05:25:00,210.4500,210.4700,210.3000,210.3700,2085
2025-06-23 05:20:00,210.5300,210.6000,210.3600,210.4000,1582
2025-06-23 05:15:00,210.2800,210.5300,210.2000,210.5300,7408
2025-06-23 05:10:00,210.1100,210.2500,210.0000,210.2000,1681
2025-06-23 05:05:00,210.2900,210.3100,210.0000,210.0000,4203
2025-06-23 05:00:00,210.3100,210.3600,210.2600,210.3100,518
2025-06-23 04:55:00,210.3000,210.3700,210.2900,210.3100,461
2025-06-23 04:50:00,210.4600,210.5000,210.2600,210.3700,3101
2025-06-23 04:45:00,210.5700,210.6800,210.4600,210.4600,1389
2025-06-23 04:40:00,210.5800,210.6200,210.5100,210.5700,1598
2025-06-23 04:35:00,210.5400,210.6700,210.5300,210.5300,1990
2025-06-23 04:30:00,210.4200,210.6100,210.4000,210.5000,4696
2025-06-23 04:25:00,210.4200,210.5200,210.3000,210.5000,3088
2025-06-23 04:20:00,210.3000,210.5200,210.2900,210.4000,3334
2025-06-23 04:15:00,210.5500,210.6500,210.2900,210.2900,2887
2025-06-23 04:10:00,210.6300,210.8100,210.5200,210.5300,6757
2025-06-23 04:05:00,209.9900,210.6200,209.9600,210.6200,9199
2025-06-23 04:00:00,209.2000,210.0700,208.4400,209.9800,15099
2025-06-20 19:55:00,210.1100,210.2000,210.0800,210.1800,3718
2025-06-20 19:50:00,210.1000,210.1500,210.0500,210.1150,870
2025-06-20 19:45:00,210.0800,210.1500,210.0100,210.1500,747
2025-06-20 19:40:00,210.0900,210.1500,210.0100,210.0550,2445
2025-06-20 19:35:00,210.0592,210.0900,210.0000,210.0400,1138
2025-06-20 19:30:00,210.1100,210.2000,210.0300,210.0600,2665
2025-06-20 19:25:00,210.1099,210.2000,210.0300,210.1400,2138
2025-06-20 19:20:00,210.1800,210.2400,210.0800,210.0800,1308
2025-06-20 19:15:00,210.2800,210.2800,210.1500,210.1500,6582
2025-06-20 19:10:00,210.0850,210.2800,210.0300,210.2800,7337
2025-06-20 19:05:00,210.0750,210.1000,210.0300,210.0500,466
2025-06-20 19:00:00,210.0500,210.1000,209.6900,210.0750,11304
2025-06-20 18:55:00,210.0500,210.1000,210.0100,210.0500,427
2025-06-20 18:50:00,210.0900,210.1000,210.0100,210.0900,832
2025-06-20 18:45:00,210.0500,213.1340,197.9960,210.0700,329
2025-06-20 18:40:00,210.0400,210.0900,199.5757,210.0700,831
2025-06-20 18:35:00,210.1000,210.1000,209.9900,210.0400,1423
2025-06-20 18:30:00,210.0500,210.1000,199.4261,209.9900,4482
2025-06-20 18:25:00,210.0300,210.1000,209.9900,210.0000,244
2025-06-20 18:20:00,210.0300,219.5741,202.8489,210.0300,1369
2025-06-20 18:15:00,210.0000,223.3564,197.9960,207.3675,435
2025-06-20 18:10:00,209.9500,220.7607,199.3234,210.0500,5379
2025-06-20 18:05:00,209.9200,219.0155,199.0949,199.0949,1835
2025-06-20 18:00:00,209.9250,209.9900,199.3234,209.8900,784
2025-06-20 17:55:00,209.8798,209.9900,199.0949,209.9775,7667
2025-06-20 17:50:00,209.9500,220.5015,201.6522,209.8700,2311
2025-06-20 17:45:00,209.9200,209.9800,199.0949,209.9800,972
2025-06-20 17:40:00,209.9800,209.9800,199.0949,209.9100,906
2025-06-20 17:35:00,209.8100,209.9800,196.6162,209.8950,572
2025-06-20 17:30:00,209.9800,209.9800,209.8100,209.8950,3711
2025-06-20 17:25:00,209.9700,210.0100,209.9000,209.9300,883
2025-06-20 17:20:00,209.9500,210.0100,209.9500,209.9500,6150
2025-06-20 17:15:00,209.9900,210.0100,209.9500,209.9500,429
2025-06-20 17:10:00,209.9900,210.0000,209.9500,210.0000,6615
2025-06-20 17:05:00,210.0200,210.0500,209.9600,209.9800,7207
2025-06-20 17:00:00,210.0050,210.0500,209.6900,210.0350,68774
2025-06-20 16:55:00,210.0700,210.0800,209.9600,210.0050,6187
2025-06-20 16:50:00,210.0000,210.0700,209.9500,209.9700,6175
2025-06-20 16:45:00,210.0400,210.0600,209.6900,209.9750,24750
2025-06-20 16:40:00,210.0300,210.0600,209.9500,210.0400,4767
2025-06-20 16:35:00,210.0000,210.0600,209.9500,210.0300,2627
2025-06-20 16:30:00,210.0000,210.1300,209.6900,210.0000,17923
2025-06-20 16:25:00,210.0200,210.1000,209.9500,210.0400,5313
2025-06-20 16:20:00,209.9600,210.1000,209.9200,210.0860,25239
2025-06-20 16:15:00,209.9600,210.0600,209.6900,209.9604,29705
2025-06-20 16:10:00,210.0000,210.0800,209.6878,210.0490,759994
2025-06-20 16:05:00,210.1200,210.1300,209.6061,209.6885,3098231
2025-06-20 16:00:00,209.6100,210.6500,209.5800,210.1100,38364985
2025-06-20 15:55:00,210.4050,210.6700,209.4650,209.6051,4115209
2025-06-20 15:50:00,209.6100,210.8000,209.5500,210.4000,2441125
2025-06-20 15:45:00,209.4900,209.6894,209.3600,209.6000,1059615
2025-06-20 15:40:00,208.7600,209.5100,208.6509,209.4900,793072
2025-06-20 15:35:00,208.7600,208.9700,208.7500,208.7648,547390
2025-06-20 15:30:00,208.6600,208.8100,208.5650,208.7650,1570372
2025-06-20 15:25:00,208.5000,208.7000,208.2709,208.6600,532572
2025-06-20 15:20:00,208.8000,208.8873,208.4337,208.5100,464068
2025-06-20 15:15:00,208.8500,208.8587,208.5352,208.7800,501702
2025-06-20 15:10:00,208.9000,209.0300,208.7645,208.8746,265416
2025-06-20 15:05:00,208.7500,209.0000,208.6000,208.9200,318986
2025-06-20 15:00:00,208.9900,209.0750,208.7000,208.7600,413660
2025-06-20 14:55:00,209.4600,209.5000,208.7900,209.0000,610853
2025-06-20 14:50:00,209.6200,209.6670,209.4200,209.4600,239720
2025-06-20 14:45:00,209.5694,209.7100,209.5300,209.6300,265880
2025-06-20 14:40:00,209.8500,209.8800,209.5600,209.5600,595450
2025-06-20 14:35:00,209.9900,210.0000,209.7200,209.8400,210589
2025-06-20 14:30:00,210.0000,210.2000,209.9200,210.0000,234998
2025-06-20 14:25:00,210.1274,210.1274,209.8900,209.9850,228309
2025-06-20 14:20:00,210.3100,210.3600,210.0900,210.1200,267528
2025-06-20 14:15:00,209.8000,210.3500,209.7653,210.3160,366700
2025-06-20 14:10:00,209.8700,209.9000,209.6700,209.7899,344177
2025-06-20 14:05:00,209.9164,209.9700,209.8084,209.8700,250407
2025-06-20 14:00:00,209.7650,209.9600,209.7000,209.9076,301006
2025-06-20 13:55:00,209.7400,209.9162,209.7100,209.7600,245946
2025-06-20 13:50:00,209.5038,209.7317,209.4900,209.7317,333290
2025-06-20 13:45:00,209.2800,209.5900,209.2600,209.5050,197860
2025-06-20 13:40:00,209.0000,209.5300,208.9750,209.2805,270408
2025-06-20 13:35:00,209.2400,209.3300,208.8700,209.0100,404277
2025-06-20 13:30:00,209.3100,209.3100,209.0900,209.2480,328812
2025-06-20 13:25:00,210.0100,210.0299,209.2900,209.3100,1975673
2025-06-20 13:20:00,210.4000,210.4050,209.9400,210.0001,438710
2025-06-20 13:15:00,210.6500,210.9200,210.3600,210.4300,361394
2025-06-20 13:10:00,210.3500,210.7399,210.2700,210.6500,246332
2025-06-20 13:05:00,209.9700,210.3900,209.8250,210.3600,294406
2025-06-20 13:00:00,209.9000,210.1200,209.8300,209.9800,447265
2025-06-20 12:55:00,209.9264,210.0623,209.7000,209.9100,306834
2025-06-20 12:50:00,209.8250,210.0000,209.7400,209.9200,205412
2025-06-20 12:45:00,209.8100,209.9500,209.7336,209.8200,177189
2025-06-20 12:40:00,210.0798,210.0800,209.6200,209.8100,323102
2025-06-20 12:35:00,210.0100,210.2098,209.9800,210.0700,355069
2025-06-20 12:30:00,209.9100,210.0500,209.9100,210.0100,225901
2025-06-20 12:25:00,210.0500,210.0938,209.8609,209.9100,171425
2025-06-20 12:20:00,210.0500,210.0900,209.8301,210.0500,212160
2025-06-20 12:15:00,209.9550,210.0550,209.8200,210.0550,207285
2025-06-20 12:10:00,210.0600,210.1000,209.8900,209.9450,256605
2025-06-20 12:05:00,209.9700,210.1000,209.9200,210.0600,252597
2025-06-20 12:00:00,209.8700,210.1599,209.8200,209.9700,212650
2025-06-20 11:55:00,210.0600,210.1400,209.8470,209.8800,283392
2025-06-20 11:50:00,210.7100,210.7400,210.0100,210.0500,329388
2025-06-20 11:45:00,210.9400,210.9850,210.5500,210.7100,307060
2025-06-20 11:40:00,210.6100,211.0200,210.6100,210.9300,384218
2025-06-20 11:35:00,210.3800,210.6400,210.3000,210.6250,299791
2025-06-20 11:30:00,210.0900,210.4400,210.0300,210.3856,228238
2025-06-20 11:25:00,210.1700,210.3178,210.0600,210.1000,234006
2025-06-20 11:20:00,210.5000,210.5300,210.0400,210.1900,248870
2025-06-20 11:15:00,210.3650,210.5200,210.2400,210.4900,301848
2025-06-20 11:10:00,209.9300,210.3700,209.9050,210.3700,300264
2025-06-20 11:05:00,209.8000,210.2100,209.7600,209.9450,304408
2025-06-20 11:00:00,210.4500,210.4500,209.5900,209.7800,787306
2025-06-20 10:55:00,210.2200,210.7600,210.2100,210.4800,290815
2025-06-20 10:50:00,210.7950,210.8000,210.2000,210.2156,469323
2025-06-20 10:45:00,210.9500,211.0500,210.6761,210.7872,395846
2025-06-20 10:40:00,211.1300,211.3900,210.4600,210.9523,515543
2025-06-20 10:35:00,210.1700,211.1600,210.0800,211.1300,562534
2025-06-20 10:30:00,210.6900,210.7200,210.1200,210.1670,672231
2025-06-20 10:25:00,210.5000,210.8500,210.2500,210.6800,599184
2025-06-20 10:20:00,211.0600,211.2900,210.4800,210.5050,711405
2025-06-20 10:15:00,211.1200,211.2400,210.7200,211.0500,700511
2025-06-20 10:10:00,211.4500,211.4600,210.7700,211.1200,927101
2025-06-20 10:05:00,211.4100,211.5500,210.7600,211.4350,858326
2025-06-20 10:00:00,212.0600,212.1100,211.3000,211.4098,939295
2025-06-20 09:55:00,212.7500,212.7700,212.0600,212.1000,566391
2025-06-20 09:50:00,213.4860,213.5200,212.6200,212.7350,638007
2025-06-20 09:45:00,214.2200,214.2550,213.4250,213.5000,472153
2025-06-20 09:40:00,214.6000,214.7400,213.9900,214.2150,534260
2025-06-20 09:35:00,213.9850,214.8700,212.5200,214.5950,950812
2025-06-20 09:30:00,214.6800,214.8900,213.5100,213.9900,9023539
2025-06-20 09:25:00,214.2300,215.3500,211.5600,214.2300,329497
2025-06-20 09:20:00,214.2000,214.3600,214.0000,214.1000,21512
2025-06-20 09:15:00,214.0000,214.2000,213.8150,214.1700,20366
2025-06-20 09:10:00,214.0000,216.2150,213.9000,214.0000,9616
2025-06-20 09:05:00,214.0000,214.1200,213.9500,213.9700,17179
2025-06-20 09:00:00,214.0000,214.1983,214.0000,214.1200,13287
2025-06-20 08:55:00,214.0788,214.2500,213.9900,214.0800,17465
2025-06-20 08:50:00,213.8200,214.1000,213.7800,214.0800,15885
2025-06-20 08:45:00,213.7940,214.0000,213.7500,213.9700,16963
2025-06-20 08:40:00,213.8000,213.8500,213.7200,213.8000,8972
2025-06-20 08:35:00,213.6000,213.8300,213.5600,213.7900,11679
2025-06-20 08:30:00,213.6200,213.8268,213.4600,213.6950,7935
2025-06-20 08:25:00,213.6200,213.7498,213.3300,213.6550,12548
2025-06-20 08:20:00,213.7600,213.8500,213.5400,213.6500,19654
2025-06-20 08:15:00,213.5000,213.7850,213.3800,213.7501,21687
2025-06-20 08:10:00,213.4800,213.5000,213.3045,213.4700,14119
2025-06-20 08:05:00,213.4000,213.4800,212.5200,213.3300,8174
2025-06-20 08:00:00,212.4500,213.8400,211.8358,213.4100,85457
2025-06-20 07:55:00,213.4500,213.5400,213.2800,213.4100,8282
2025-06-20 07:50:00,213.4800,213.5000,213.3200,213.4800,7054
2025-06-20 07:45:00,213.6000,213.8000,213.4500,213.4800,15163
2025-06-20 07:40:00,213.0500,213.6000,213.0500,213.6000,3633
2025-06-20 07:35:00,212.5600,213.4000,212.5200,213.0500,20741
2025-06-20 07:30:00,212.4800,212.5600,212.4600,212.5600,2202
2025-06-20 07:25:00,212.4100,212.5100,212.3900,212.4200,2050
2025-06-20 07:20:00,212.4300,212.5500,212.4000,212.4900,8197
2025-06-20 07:15:00,212.4000,212.5600,212.2500,212.4900,3051
2025-06-20 07:10:00,212.5100,212.5100,212.3100,212.4000,2063
2025-06-20 07:05:00,212.4700,212.5600,212.4600,212.5100,2409
2025-06-20 07:00:00,212.5600,212.6100,212.3000,212.4800,9925
2025-06-20 06:55:00,212.5600,212.6300,212.4600,212.4600,368
2025-06-20 06:50:00,212.6800,212.6800,212.4200,212.5300,806
2025-06-20 06:45:00,212.5700,212.7100,212.5500,212.6700,1791
2025-06-20 06:40:00,212.5100,212.6200,212.4300,212.6200,2510
2025-06-20 06:35:00,212.3700,212.5300,212.3700,212.5300,207
2025-06-20 06:30:00,212.2500,212.4200,212.2200,212.4200,1982
2025-06-20 06:25:00,212.2500,212.2900,212.1800,212.2500,339
2025-06-20 06:20:00,212.1500,212.2900,212.1200,212.2500,1000
2025-06-20 06:15:00,212.3100,212.3300,212.1600,212.1900,576
2025-06-20 06:10:00,212.3200,212.5100,212.3200,212.3300,1731
2025-06-20 06:05:00,212.3300,212.3900,212.3000,212.3300,479
2025-06-20 06:00:00,212.4500,212.4700,212.2500,212.3700,2601
2025-06-20 05:55:00,212.3900,212.5200,212.3600,212.4500,932
2025-06-20 05:50:00,212.1600,212.4500,212.1400,212.4400,2505
2025-06-20 05:45:00,212.2700,212.2700,212.1700,212.2000,246
2025-06-20 05:40:00,212.1100,212.2700,212.1100,212.2700,2480
2025-06-20 05:35:00,212.1000,212.1700,212.0600,212.1100,415
2025-06-20 05:30:00,212.2000,212.2300,212.0800,212.1700,1767
2025-06-20 05:25:00,212.2100,212.2700,212.1300,212.2000,2456
2025-06-20 05:20:00,212.1200,212.2100,212.0800,212.2100,5370
2025-06-20 05:15:00,212.1600,212.1900,212.1000,212.1000,1649
2025-06-20 05:10:00,212.1700,212.1800,212.0400,212.1300,368
2025-06-20 05:05:00,211.8900,212.1000,211.8800,212.1000,2770
2025-06-20 05:00:00,211.9000,212.0600,211.8700,211.8800,3674
2025-06-20 04:55:00,212.0900,212.1700,211.8200,211.9000,3022
2025-06-20 04:50:00,212.3100,212.3100,211.9300,212.1700,5674
2025-06-20 04:45:00,212.4300,212.4700,212.3000,212.3200,3237
2025-06-20 04:40:00,212.6000,212.6000,212.4200,212.4700,2872
2025-06-20 04:35:00,212.5200,212.7000,212.5200,212.6600,1615
2025-06-20 04:30:00,212.5100,212.5700,212.3900,212.5300,1994
2025-06-20 04:25:00,212.7000,212.7000,212.4000,212.4100,9253
2025-06-20 04:20:00,212.7100,212.8100,212.5500,212.6200,3149
2025-06-20 04:15:00,212.9000,212.9300,212.6800,212.7000,3689
2025-06-20 04:10:00,212.8200,213.0000,212.8200,212.9000,2255
2025-06-20 04:05:00,212.8700,212.9800,212.6800,212.7900,8021
2025-06-20 04:00:00,213.0000,213.6800,212.5000,212.8000,8563
2025-06-18 19:55:00,212.7500,212.8300,212.5200,212.5200,12027
2025-06-18 19:50:00,212.8300,212.8300,212.7000,212.8300,3681
2025-06-18 19:45:00,213.0400,213.0400,212.7500,212.8300,9384
2025-06-18 19:40:00,212.8300,213.0800,212.8200,212.9000,5183
2025-06-18 19:35:00,213.0900,213.0900,212.8400,212.8500,3957
2025-06-18 19:30:00,213.0500,213.1600,212.8800,212.9950,6458
2025-06-18 19:25:00,213.0500,213.1700,213.0400,213.0400,1701
2025-06-18 19:20:00,213.0900,213.1800,213.0300,213.0417,1087
2025-06-18 19:15:00,213.1050,213.2000,213.0122,213.2000,2379
2025-06-18 19:10:00,213.2000,213.2000,213.0100,213.1200,2177
2025-06-18 19:05:00,212.9250,213.2250,212.9000,213.2000,13339
2025-06-18 19:00:00,212.9000,212.9900,212.8600,212.9300,2418
2025-06-18 18:55:00,212.9500,213.0000,212.8100,212.9600,1412
2025-06-18 18:50:00,212.7700,213.0000,212.7500,212.9100,8126
2025-06-18 18:45:00,212.7878,212.8000,212.7000,212.7501,1596
2025-06-18 18:40:00,212.7200,212.8200,212.6600,212.7900,5029
2025-06-18 18:35:00,212.8200,212.8200,212.6342,212.7200,3940
2025-06-18 18:30:00,212.8450,212.8700,212.7500,212.7500,3398
2025-06-18 18:25:00,212.8500,212.8700,212.8200,212.8450,1639
2025-06-18 18:20:00,212.8150,212.8700,212.7600,212.8699,3448
2025-06-18 18:15:00,212.8300,212.9000,212.7700,212.8100,3167
2025-06-18 18:10:00,212.9000,212.9700,212.7800,212.8500,7090
2025-06-18 18:05:00,212.9500,213.0000,212.8600,212.9700,1728
2025-06-18 18:00:00,212.9900,213.0000,212.9300,212.9999,4168
2025-06-18 17:55:00,212.9700,212.9900,212.8500,212.9900,1600
2025-06-18 17:50:00,212.9900,212.9900,212.8800,212.9700,1818
2025-06-18 17:45:00,212.8200,213.0000,212.7800,212.9600,3785
2025-06-18 17:40:00,212.8500,212.9900,212.7732,212.8900,4090
2025-06-18 17:35:00,212.8750,212.9300,212.5200,212.8900,30618
2025-06-18 17:30:00,212.7600,212.9900,212.7600,212.8500,3310
2025-06-18 17:25:00,212.9900,212.9900,212.7500,212.9200,1101
2025-06-18 17:20:00,212.9000,213.0000,212.7100,212.8700,6893
2025-06-18 17:15:00,212.9100,213.0000,212.8000,212.8600,3128
2025-06-18 17:10:00,212.8300,213.0900,212.8000,212.9100,2044
2025-06-18 17:05:00,212.9450,219.2833,200.4092,212.8000,6661
2025-06-18 17:00:00,213.0300,213.0800,201.0526,212.9899,4941
2025-06-18 16:55:00,213.1800,213.1800,200.4092,212.9000,8775
2025-06-18 16:50:00,212.9900,223.6526,200.4092,213.0000,24604
2025-06-18 16:45:00,213.1600,213.1800,199.7436,212.9600,5278
2025-06-18 16:40:00,213.2400,213.2800,213.0000,213.1350,13218
2025-06-18 16:35:00,213.2000,213.2900,212.5200,213.2300,7281
2025-06-18 16:30:00,213.2620,213.3500,212.5200,213.2000,136559
2025-06-18 16:25:00,213.1500,213.3900,212.5200,213.2700,26146
2025-06-18 16:20:00,212.5200,214.6218,212.5200,213.0060,27851
2025-06-18 16:15:00,213.1300,213.1500,212.5200,213.0050,41725
2025-06-18 16:10:00,212.9000,213.2000,212.8001,213.1200,36788
2025-06-18 16:05:00,212.8000,212.9500,212.5200,212.9000,129194
2025-06-18 16:00:00,212.4450,213.7000,212.3300,212.8300,18328088
2025-06-18 15:55:00,213.7400,213.9400,212.3400,212.5300,4157372
2025-06-18 15:50:00,215.2900,215.3000,213.5800,213.7250,1582614
2025-06-18 15:45:00,215.3200,215.3500,215.0500,215.2700,420440
2025-06-18 15:40:00,215.2002,215.3500,214.9800,215.3300,428851
2025-06-18 15:35:00,214.8200,215.2300,214.7600,215.2100,309668
2025-06-18 15:30:00,214.5300,214.8900,214.3750,214.8284,292729
2025-06-18 15:25:00,215.2300,215.2600,214.4650,214.5400,271198
2025-06-18 15:20:00,215.2297,215.4900,215.1500,215.2400,289804
2025-06-18 15:15:00,215.2797,215.2797,214.9900,215.2300,231854
2025-06-18 15:10:00,214.6300,215.4300,214.4700,215.2700,432438
2025-06-18 15:05:00,214.7500,214.8800,214.5400,214.6400,275009
2025-06-18 15:00:00,214.2100,214.7400,213.8500,214.7108,484226
2025-06-18 14:55:00,214.9100,214.9100,213.8900,214.2200,903050
2025-06-18 14:50:00,215.3300,215.3300,214.7000,214.9093,334752
2025-06-18 14:45:00,215.6099,215.6099,215.2500,215.3600,225997
2025-06-18 14:40:00,215.3200,215.8700,215.2000,215.5950,386967
2025-06-18 14:35:00,215.6101,215.6500,214.9700,215.3000,325724
2025-06-18 14:30:00,215.2000,215.7300,215.0800,215.6300,306514
2025-06-18 14:25:00,214.9600,215.3700,214.9100,215.1800,272819
2025-06-18 14:20:00,215.0500,215.1300,214.7600,214.9697,283388
2025-06-18 14:15:00,215.1900,215.2800,215.0120,215.0600,228509
2025-06-18 14:10:00,215.0050,215.2500,214.7800,215.1899,256485
2025-06-18 14:05:00,215.0800,215.3300,214.8500,215.0050,436830
2025-06-18 14:00:00,215.5300,216.1700,215.0700,215.0900,499404
2025-06-18 13:55:00,215.7150,215.8600,215.4500,215.5000,294165
2025-06-18 13:50:00,215.2100,215.7300,215.1300,215.7200,223951
2025-06-18 13:45:00,215.1200,215.3600,215.0900,215.1900,223130
2025-06-18 13:40:00,214.7500,215.1500,214.6873,215.1200,232776
2025-06-18 13:35:00,214.6800,214.8200,214.5500,214.7510,283818
2025-06-18 13:30:00,214.8200,214.8600,214.5100,214.6900,342677
2025-06-18 13:25:00,215.1235,215.1500,214.8100,214.8400,730129
2025-06-18 13:20:00,215.5000,215.5000,215.0350,215.1202,436380
2025-06-18 13:15:00,215.5950,215.6800,215.4500,215.5000,158571
2025-06-18 13:10:00,215.6050,215.7810,215.5200,215.5900,155562
2025-06-18 13:05:00,215.4400,215.6000,215.3700,215.5950,185112
2025-06-18 13:00:00,215.5750,215.5750,215.3100,215.4400,203855
2025-06-18 12:55:00,215.6501,215.7507,215.5800,215.6000,104336
2025-06-18 12:50:00,215.5600,215.8800,215.5150,215.6656,143400
2025-06-18 12:45:00,215.7300,215.7600,215.5200,215.5750,144779
2025-06-18 12:40:00,215.7400,215.7600,215.6300,215.7400,107066
2025-06-18 12:35:00,215.5400,215.7500,215.4900,215.7400,165051
2025-06-18 12:30:00,215.3999,215.6000,215.3000,215.5600,167293
2025-06-18 12:25:00,215.7900,215.8397,215.2600,215.3999,257851
2025-06-18 12:20:00,215.7600,215.8200,215.5900,215.7899,199005
2025-06-18 12:15:00,215.9600,215.9800,215.7300,215.7750,227777
2025-06-18 12:10:00,216.1900,216.2100,215.9300,215.9500,160420
2025-06-18 12:05:00,216.0200,216.2500,215.8001,216.1900,195890
2025-06-18 12:00:00,215.9500,216.0450,215.6408,216.0200,231274
2025-06-18 11:55:00,216.3700,216.3800,215.8900,215.9550,252283
2025-06-18 11:50:00,216.1700,216.4200,216.1000,216.3500,190129
2025-06-18 11:45:00,216.2000,216.3400,216.1000,216.1700,294099
2025-06-18 11:40:00,216.7250,216.7600,216.1100,216.2100,284130
2025-06-18 11:35:00,216.6797,216.7800,216.4600,216.7200,185206
2025-06-18 11:30:00,216.6900,216.8300,216.5500,216.6900,167351
2025-06-18 11:25:00,216.5200,216.8400,216.3300,216.6850,278990
2025-06-18 11:20:00,216.8850,216.9900,216.4900,216.5250,298869
2025-06-18 11:15:00,216.8450,216.9100,216.7600,216.8700,203940
2025-06-18 11:10:00,216.7350,216.8799,216.6300,216.8450,286251
2025-06-18 11:05:00,217.0800,217.1200,216.6803,216.7362,306524
2025-06-18 11:00:00,217.4350,217.5710,217.0300,217.0700,266031
2025-06-18 10:55:00,217.0600,217.5128,217.0409,217.4350,277654
2025-06-18 10:50:00,217.6000,217.7138,217.0300,217.0600,348644
2025-06-18 10:45:00,217.8200,217.9200,217.5100,217.6056,303890
2025-06-18 10:40:00,217.7600,217.9600,217.6381,217.8050,422191
2025-06-18 10:35:00,217.6300,217.8600,217.4600,217.7400,320095
2025-06-18 10:30:00,217.7800,217.8588,216.7200,217.6200,671485
2025-06-18 10:25:00,217.3200,217.9500,217.2300,217.7700,597336
2025-06-18 10:20:00,217.0800,217.4100,215.4300,217.3100,783932
2025-06-18 10:15:00,216.5900,217.1548,216.4400,217.1000,447132
2025-06-18 10:10:00,216.6500,216.9600,216.5300,216.5999,632422
2025-06-18 10:05:00,216.7700,216.9200,216.4200,216.6500,503685
2025-06-18 10:00:00,216.3650,216.8500,216.1500,216.7800,439651
2025-06-18 09:55:00,216.1200,216.4300,216.1100,216.3400,326923
2025-06-18 09:50:00,215.8000,216.4500,215.8000,216.1100,561773
2025-06-18 09:45:00,215.4100,215.8700,215.2600,215.8012,282203
2025-06-18 09:40:00,215.4800,215.8800,215.4000,215.4050,461784
2025-06-18 09:35:00,215.3100,215.8500,215.1500,215.4998,571384
2025-06-18 09:30:00,215.0900,216.7600,215.0200,215.2917,1311152
2025-06-18 09:25:00,215.5500,215.6400,215.0000,215.0300,28185
2025-06-18 09:20:00,215.4000,215.7500,215.3500,215.5500,17384
2025-06-18 09:15:00,215.3992,215.4300,215.2500,215.3700,3578
2025-06-18 09:10:00,215.3000,215.4500,215.2400,215.3250,2266
2025-06-18 09:05:00,215.2700,215.4300,215.2000,215.3500,1535
2025-06-18 09:00:00,215.2000,215.3200,214.8200,215.2900,405418
2025-06-18 08:55:00,215.2210,215.3000,215.1000,215.2000,5839
2025-06-18 08:50:00,215.2650,215.3700,215.1900,215.2500,13949
2025-06-18 08:45:00,215.3400,215.4100,214.8200,215.2500,26364
2025-06-18 08:40:00,215.3400,215.4400,215.2500,215.3400,3813
2025-06-18 08:35:00,215.5000,215.5900,215.2800,215.2910,5162
2025-06-18 08:30:00,215.6000,215.6600,215.3300,215.4900,3734
2025-06-18 08:25:00,215.6400,215.7000,215.5000,215.5500,3473
2025-06-18 08:20:00,215.7000,215.7000,215.5000,215.5900,1558
2025-06-18 08:15:00,215.6200,215.7000,215.5000,215.5000,3410
2025-06-18 08:10:00,215.7800,215.7800,215.5300,215.6965,3210
2025-06-18 08:05:00,214.8200,215.7500,214.8200,215.7500,8431
2025-06-18 08:00:00,215.9805,216.3350,214.5000,215.6000,44319
2025-06-18 07:55:00,215.7400,215.7500,215.6000,215.6000,912
2025-06-18 07:50:00,215.7600,215.7800,215.6900,215.7600,374
2025-06-18 07:45:00,215.6400,215.8800,215.6100,215.7300,7644
2025-06-18 07:40:00,215.3400,215.6700,215.3200,215.5700,1877
2025-06-18 07:35:00,215.4400,215.5400,215.3000,215.3200,661
2025-06-18 07:30:00,215.3800,215.5500,215.3100,215.4500,1934
2025-06-18 07:25:00,215.3500,215.4000,215.2500,215.3100,971
2025-06-18 07:20:00,215.1900,215.4000,215.1900,215.4000,351
2025-06-18 07:15:00,215.2400,215.3400,215.1100,215.1100,2734
2025-06-18 07:10:00,215.3000,215.3400,215.0400,215.2500,5343
2025-06-18 07:05:00,215.3000,215.3600,215.2300,215.2500,1000
2025-06-18 07:00:00,215.3500,215.5500,215.2100,215.3200,7385
2025-06-18 06:55:00,215.5500,215.5500,215.3300,215.3600,2129
2025-06-18 06:50:00,215.7300,215.7400,215.4000,215.4300,2342
2025-06-18 06:45:00,215.8300,215.8800,215.7200,215.7600,1984
2025-06-18 06:40:00,215.8100,215.8600,215.6900,215.8500,4294
2025-06-18 06:35:00,215.7800,215.9000,215.7000,215.8300,2703
2025-06-18 06:30:00,215.8200,216.3100,215.7500,215.7800,11099
2025-06-18 06:25:00,215.7600,216.0300,215.6600,215.8300,16822
2025-06-18 06:20:00,215.8900,215.8900,215.5500,215.6300,2149
2025-06-18 06:15:00,215.8000,215.9400,215.8000,215.9100,463
2025-06-18 06:10:00,215.9100,215.9200,215.7600,215.8700,1166
2025-06-18 06:05:00,215.9900,215.9900,215.8900,215.9100,496
2025-06-18 06:00:00,215.9400,216.0800,215.9000,215.9900,4608
2025-06-18 05:55:00,216.0000,216.0100,215.9400,215.9900,1717
2025-06-18 05:50:00,215.9700,216.0500,215.8700,215.9700,2551
2025-06-18 05:45:00,215.9100,215.9700,215.8600,215.9000,1887
2025-06-18 05:40:00,215.8900,215.9200,215.8400,215.9100,1876
2025-06-18 05:35:00,215.9000,215.9300,215.8000,215.8400,956
2025-06-18 05:30:00,215.8900,215.9900,215.8200,215.9000,449
2025-06-18 05:25:00,215.8500,216.0100,215.8400,215.8700,1433
2025-06-18 05:20:00,215.9000,215.9000,215.8100,215.8500,1444
2025-06-18 05:15:00,215.8800,216.0000,215.7900,215.9000,792
2025-06-18 05:10:00,215.8900,215.9700,215.7400,215.7600,698
2025-06-18 05:05:00,215.8800,216.0000,215.7900,215.9200,1804
2025-06-18 05:00:00,215.7400,215.9300,215.7100,215.9300,2045
2025-06-18 04:55:00,215.6700,215.8000,215.6700,215.7600,720
2025-06-18 04:50:00,215.6200,215.6800,215.6200,215.6700,333
2025-06-18 04:45:00,215.6900,215.7600,215.6100,215.6600,1293
2025-06-18 04:40:00,215.6200,215.7500,215.6100,215.6800,635
2025-06-18 04:35:00,215.6100,215.7500,215.6000,215.6000,1952
2025-06-18 04:30:00,215.6000,215.6000,215.4700,215.5600,910
2025-06-18 04:25:00,215.6000,215.6400,215.5000,215.6000,937
2025-06-18 04:20:00,215.6900,215.6900,215.5200,215.5500,896
2025-06-18 04:15:00,215.4700,215.7100,215.4700,215.6000,2298
2025-06-18 04:10:00,215.8800,215.8800,215.5700,215.5700,1788
2025-06-18 04:05:00,215.7500,215.9700,215.7500,215.7600,6608
2025-06-18 04:00:00,214.6200,215.9300,214.6200,215.8000,8283
2025-06-17 19:55:00,214.2500,214.3500,214.0500,214.2700,9207
2025-06-17 19:50:00,214.1600,214.4900,214.0500,214.3499,6163
2025-06-17 19:45:00,214.2700,214.3000,214.0500,214.1100,2651
2025-06-17 19:40:00,214.2200,214.3000,214.0200,214.2700,3450
2025-06-17 19:35:00,214.2300,214.2800,214.1500,214.2781,5775
2025-06-17 19:30:00,214.3050,214.3500,214.2100,214.2301,2739
2025-06-17 19:25:00,214.2000,214.3772,214.1500,214.2600,1063
2025-06-17 19:20:00,214.2600,214.4000,214.1500,214.2000,1301
2025-06-17 19:15:00,214.0600,214.4800,214.0100,214.2070,4482
2025-06-17 19:10:00,214.2500,214.4800,214.0100,214.0100,1769
2025-06-17 19:05:00,213.9000,214.5400,213.9000,214.4915,2323
2025-06-17 19:00:00,214.0500,214.1000,213.9000,213.9600,5496
2025-06-17 18:55:00,214.0600,214.1300,214.0000,214.0700,9363
2025-06-17 18:50:00,214.1250,214.2500,214.0000,214.1000,2860
2025-06-17 18:45:00,214.1100,214.2000,214.0100,214.1250,1588
2025-06-17 18:40:00,214.5200,214.5200,214.1000,214.2000,4986
2025-06-17 18:35:00,214.5400,214.5900,214.2600,214.5400,3186
2025-06-17 18:30:00,214.4000,214.6700,214.4000,214.6600,2907
2025-06-17 18:25:00,214.4700,214.5500,214.4000,214.4500,2438
2025-06-17 18:20:00,214.4200,214.5400,214.4000,214.4000,2077
2025-06-17 18:15:00,214.5500,214.6615,214.4100,214.4300,1155
2025-06-17 18:10:00,214.6900,214.6900,214.4100,214.4100,418
2025-06-17 18:05:00,214.4500,214.6900,214.2000,214.4000,3408
2025-06-17 18:00:00,214.6500,214.6700,214.1500,214.2000,5411
2025-06-17 17:55:00,214.6900,214.6900,214.5500,214.6200,1165
2025-06-17 17:50:00,214.6300,214.6900,206.6800,214.5800,597
2025-06-17 17:45:00,214.7000,214.7000,214.6100,214.6500,599
2025-06-17 17:40:00,214.6000,214.7250,214.5500,214.6100,4077
2025-06-17 17:35:00,214.7200,214.7500,214.6000,214.6500,3334
2025-06-17 17:30:00,214.6400,214.7500,214.5500,214.6427,2633
2025-06-17 17:25:00,214.7100,214.7500,214.6000,214.6400,1629
2025-06-17 17:20:00,214.7000,214.8900,214.6200,214.6500,4952
2025-06-17 17:15:00,214.6100,214.8200,214.5500,214.6200,1267
2025-06-17 17:10:00,214.6700,214.7500,214.5200,214.6100,3368
2025-06-17 17:05:00,214.6999,214.7500,214.6700,214.7500,3029
2025-06-17 17:00:00,214.7800,214.8600,169.9652,214.7000,3998
2025-06-17 16:55:00,214.7000,214.8600,183.1248,214.7800,3176
2025-06-17 16:50:00,214.9250,221.4888,189.9835,214.7800,7947
2025-06-17 16:45:00,214.9700,219.6391,185.5059,214.8800,8750
2025-06-17 16:40:00,214.8850,219.7402,167.3200,214.9700,428843
2025-06-17 16:35:00,214.9150,214.9900,214.8200,214.9192,33208
2025-06-17 16:30:00,214.9500,214.9900,214.8300,214.8500,2323
2025-06-17 16:25:00,214.9200,214.9900,214.8200,214.8950,7987
2025-06-17 16:20:00,214.8280,214.9900,214.8200,214.8380,4128
2025-06-17 16:15:00,214.9050,214.9900,214.8200,214.8300,2461
2025-06-17 16:10:00,214.9500,215.1000,214.8200,214.8300,62149
2025-06-17 16:05:00,215.0500,215.1000,204.1200,214.9500,347454
2025-06-17 16:00:00,214.8100,215.3000,214.7500,215.0500,8418770
2025-06-17 15:55:00,215.2500,215.2500,214.7700,214.8100,1302153
2025-06-17 15:50:00,215.2300,215.4700,214.9901,215.2400,537796
2025-06-17 15:45:00,215.0800,215.2800,215.0100,215.2600,275667
2025-06-17 15:40:00,214.9500,215.1300,214.8200,215.0750,248861
2025-06-17 15:35:00,215.0900,215.1700,214.9300,214.9600,184725
2025-06-17 15:30:00,215.0900,215.1400,214.9201,215.0700,231540
2025-06-17 15:25:00,215.0800,215.1700,215.0400,215.0800,165328
2025-06-17 15:20:00,214.9900,215.1600,214.9850,215.0885,206907
2025-06-17 15:15:00,215.1100,215.1500,214.9200,214.9800,171727
2025-06-17 15:10:00,215.0700,215.2600,214.9500,215.1000,191613
2025-06-17 15:05:00,214.9750,215.1100,214.8800,215.0700,171281
2025-06-17 15:00:00,215.3400,215.3900,214.9400,214.9700,208115
2025-06-17 14:55:00,215.0200,215.3400,215.0000,215.3300,574933
2025-06-17 14:50:00,214.8600,215.0100,214.7700,215.0100,149346
2025-06-17 14:45:00,214.8000,214.9600,214.7500,214.8600,190872
2025-06-17 14:40:00,215.0100,215.0100,214.5600,214.7900,262124
2025-06-17 14:35:00,215.1700,215.2300,214.9800,215.0200,200071
2025-06-17 14:30:00,214.9600,215.2000,214.9000,215.1750,256891
2025-06-17 14:25:00,214.9900,215.0600,214.7100,214.9500,219414
2025-06-17 14:20:00,215.1100,215.2600,214.9800,214.9900,223789
2025-06-17 14:15:00,215.2000,215.3350,214.9801,215.1400,211724
2025-06-17 14:10:00,215.3700,215.5300,215.2000,215.2100,170189
2025-06-17 14:05:00,215.2200,215.3797,215.0400,215.3600,217346
2025-06-17 14:00:00,215.5900,215.5900,214.9500,215.1871,383455
2025-06-17 13:55:00,215.6400,215.9650,215.5259,215.5900,275841
2025-06-17 13:50:00,215.7000,215.8100,215.4700,215.6497,249244
2025-06-17 13:45:00,216.3500,216.4300,215.5300,215.7000,423618
2025-06-17 13:40:00,216.2250,216.6000,216.1300,216.3750,359900
2025-06-17 13:35:00,216.5200,216.5200,216.1200,216.2358,230001
2025-06-17 13:30:00,216.0100,216.6600,215.8000,216.5286,410966
2025-06-17 13:25:00,215.7700,216.1800,215.6303,216.0101,340941
2025-06-17 13:20:00,215.8200,215.8600,215.5700,215.7800,133186
2025-06-17 13:15:00,215.8500,215.9497,215.7000,215.8049,208354
2025-06-17 13:10:00,215.7009,215.9890,215.6300,215.8450,202556
2025-06-17 13:05:00,215.6400,215.7156,215.3348,215.7050,205847
2025-06-17 13:00:00,215.4900,215.7400,215.2200,215.6400,258605
2025-06-17 12:55:00,215.8950,215.8950,215.4000,215.5000,292648
2025-06-17 12:50:00,216.1300,216.1900,215.6400,215.9100,289832
2025-06-17 12:45:00,216.3450,216.5400,215.9000,216.1300,313298
2025-06-17 12:40:00,216.5900,216.6500,216.2500,216.3600,250355
2025-06-17 12:35:00,216.7500,216.7600,216.5800,216.6008,173458
2025-06-17 12:30:00,216.8000,216.8600,216.7400,216.7700,194263
2025-06-17 12:25:00,216.8750,216.9452,216.6800,216.8100,216461
2025-06-17 12:20:00,216.7329,217.0500,216.7000,216.8700,489438
2025-06-17 12:15:00,216.7150,216.8100,216.5850,216.7300,153183
2025-06-17 12:10:00,216.5750,216.8400,216.5400,216.7200,176128
2025-06-17 12:05:00,216.7399,216.8700,216.3000,216.5600,268062
2025-06-17 12:00:00,216.7000,216.8100,216.5950,216.7311,127578
2025-06-17 11:55:00,216.8700,216.8700,216.5350,216.6900,247118
2025-06-17 11:50:00,216.8200,217.0871,216.8200,216.8600,313788
2025-06-17 11:45:00,216.8100,216.8800,216.5700,216.8200,283310
2025-06-17 11:40:00,216.4900,216.8200,216.4600,216.8000,257980
2025-06-17 11:35:00,216.2430,216.5600,216.1300,216.4887,279506
2025-06-17 11:30:00,216.2300,216.3200,216.0400,216.2200,218621
2025-06-17 11:25:00,216.3700,216.4700,216.2100,216.2300,231065
2025-06-17 11:20:00,216.1500,216.3900,216.0800,216.3600,200291
2025-06-17 11:15:00,216.4274,216.4300,215.2800,216.1600,276341
2025-06-17 11:10:00,216.3200,216.5915,216.2800,216.4300,273272
2025-06-17 11:05:00,216.3012,216.4200,216.0800,216.3290,257017
2025-06-17 11:00:00,216.0400,216.3600,215.9100,216.3050,322879
2025-06-17 10:55:00,216.0200,216.1100,215.9700,216.0500,168147
2025-06-17 10:50:00,216.0400,216.1150,215.8700,216.0296,229283
2025-06-17 10:45:00,215.9400,216.2250,215.8900,216.0350,199345
2025-06-17 10:40:00,216.0100,216.1600,215.8400,215.9250,239565
2025-06-17 10:35:00,215.9250,216.0299,215.5300,216.0200,367838
2025-06-17 10:30:00,215.9800,216.2700,215.8500,215.9300,255079
2025-06-17 10:25:00,216.5550,216.6300,215.9500,215.9800,393304
2025-06-17 10:20:00,216.4550,216.7100,216.4303,216.5600,1028303
2025-06-17 10:15:00,216.1100,216.5800,216.0300,216.4538,412367
2025-06-17 10:10:00,216.7900,216.8648,216.1200,216.1200,492506
2025-06-17 10:05:00,217.1200,217.2000,216.5600,216.7800,431752
2025-06-17 10:00:00,217.2900,217.4100,216.6900,217.1100,484506
2025-06-17 09:55:00,217.0100,217.3600,216.8500,217.2800,573249
2025-06-17 09:50:00,216.5500,217.2000,216.3000,217.0299,685536
2025-06-17 09:45:00,216.3300,216.9700,216.2000,216.5500,763855
2025-06-17 09:40:00,216.1200,216.6200,216.0900,216.3200,699643
2025-06-17 09:35:00,216.0950,216.2300,215.7000,216.1000,489217
2025-06-17 09:30:00,215.1950,216.2800,215.0000,216.0950,1335417
2025-06-17 09:25:00,214.8300,215.2800,214.5500,215.2700,28494
2025-06-17 09:20:00,214.4900,214.8800,214.4635,214.8400,15775
2025-06-17 09:15:00,214.6000,214.6000,214.3600,214.5000,11630
2025-06-17 09:10:00,214.6200,214.6200,214.4100,214.5000,4331
2025-06-17 09:05:00,214.4300,214.6300,214.4100,214.5000,6272
2025-06-17 09:00:00,214.6800,214.6800,214.2500,214.4300,8521
2025-06-17 08:55:00,214.7900,214.7900,208.6400,214.6500,10008
2025-06-17 08:50:00,214.7530,214.8500,214.6700,214.7000,9175
2025-06-17 08:45:00,214.9500,215.0000,214.6700,214.8100,10526
2025-06-17 08:40:00,214.8250,215.1500,214.8100,214.9500,13376
2025-06-17 08:35:00,214.8600,214.9400,214.7000,214.8250,16232
2025-06-17 08:30:00,215.1000,215.2800,214.6000,214.8500,17346
2025-06-17 08:25:00,214.8100,215.5000,214.7500,215.2800,25590
2025-06-17 08:20:00,214.7000,214.8500,214.5062,214.8000,11280
2025-06-17 08:15:00,214.5400,214.8100,214.3300,214.7800,3188
2025-06-17 08:10:00,214.4000,216.1000,214.3600,214.5450,13424
2025-06-17 08:05:00,214.7500,216.1000,214.4000,214.4000,21273
2025-06-17 08:00:00,214.9688,216.1000,213.6500,214.7100,167993
2025-06-17 07:55:00,214.0600,214.3000,214.0600,214.2000,4954
2025-06-17 07:50:00,214.1400,214.1500,214.0100,214.0700,5473
2025-06-17 07:45:00,214.2100,214.2800,214.0000,214.1500,4026
2025-06-17 07:40:00,214.4500,214.4500,214.2100,214.2600,2739
2025-06-17 07:35:00,214.4000,214.4600,214.4000,214.4100,1560
2025-06-17 07:30:00,214.3300,214.4000,214.3100,214.3800,591
2025-06-17 07:25:00,214.5000,214.6000,214.2300,214.3600,3670
2025-06-17 07:20:00,214.4300,214.5600,214.4300,214.5000,4118
2025-06-17 07:15:00,214.4400,214.5500,214.4200,214.4400,5651
2025-06-17 07:10:00,214.3000,214.4700,214.3000,214.3900,1604
2025-06-17 07:05:00,214.2300,214.3300,214.2000,214.2500,4101
2025-06-17 07:00:00,214.1600,214.2900,214.0100,214.2300,5285
2025-06-17 06:55:00,214.0700,214.1800,213.8700,214.0900,13737
2025-06-17 06:50:00,213.8000,214.1300,213.8000,214.1000,5071
2025-06-17 06:45:00,213.7000,214.0000,213.6500,213.8400,506
2025-06-17 06:40:00,213.7000,213.8300,213.6500,213.7000,2142
2025-06-17 06:35:00,213.9600,213.9900,213.6700,213.7000,3339
2025-06-17 06:30:00,213.8700,213.9700,213.8500,213.9500,490
2025-06-17 06:25:00,214.0200,214.0400,213.8000,213.8000,2672
2025-06-17 06:20:00,214.1900,214.1900,213.9800,214.0100,2089
2025-06-17 06:15:00,214.3200,214.3400,214.0000,214.1100,6067
2025-06-17 06:10:00,214.6000,214.7400,214.3000,214.4400,4496
2025-06-17 06:05:00,214.6200,214.6200,214.4800,214.4900,74
2025-06-17 06:00:00,214.5000,214.6600,214.4400,214.6500,1162
2025-06-17 05:55:00,214.4900,214.5000,214.3700,214.4900,261
2025-06-17 05:50:00,214.6300,214.8000,214.4700,214.4700,2192
2025-06-17 05:45:00,214.4700,214.6100,214.4400,214.6100,264
2025-06-17 05:40:00,214.2600,214.5800,214.2400,214.5000,2612
2025-06-17 05:35:00,214.2800,214.3800,214.2100,214.2100,861
2025-06-17 05:30:00,214.5200,214.5500,214.3400,214.3800,272
2025-06-17 05:25:00,214.4000,214.5200,214.2700,214.5000,834
2025-06-17 05:20:00,214.5800,214.5800,214.1600,214.4000,1294
2025-06-17 05:15:00,214.5200,214.6900,214.5100,214.5800,398
2025-06-17 05:10:00,214.7000,214.7600,214.5000,214.5500,766
2025-06-17 05:05:00,214.6700,214.8400,214.6700,214.7000,387
2025-06-17 05:00:00,214.6900,215.0000,214.6800,214.8800,1366
2025-06-17 04:55:00,214.6300,214.7700,214.2100,214.6800,2254
2025-06-17 04:50:00,214.7200,215.0000,214.6300,214.6400,2754
2025-06-17 04:45:00,214.6900,214.8900,214.6900,214.7500,1215
2025-06-17 04:40:00,214.7700,214.8100,214.5800,214.6600,1762
2025-06-17 04:35:00,214.7500,214.9400,214.7200,214.8300,2954
2025-06-17 04:30:00,214.7900,214.8800,214.7400,214.7400,864
2025-06-17 04:25:00,214.7100,214.9200,214.7000,214.8000,1216
2025-06-17 04:20:00,214.6900,214.7200,214.6000,214.6900,6444
2025-06-17 04:15:00,214.7200,214.7500,214.7000,214.7000,4699
2025-06-17 04:10:00,214.6500,214.7900,214.5900,214.7100,3044
2025-06-17 04:05:00,214.6100,214.7000,214.5100,214.6500,3124
2025-06-17 04:00:00,214.0600,215.8400,213.7500,214.6600,3853
2025-06-16 19:55:00,214.3800,214.3900,213.1100,213.6400,15515
2025-06-16 19:50:00,214.2000,214.4771,213.6877,214.2700,7940
2025-06-16 19:45:00,214.4500,214.6000,213.5300,213.9000,9739
2025-06-16 19:40:00,214.9900,214.9900,214.1259,214.3700,17420
2025-06-16 19:35:00,214.8600,215.0000,214.6000,214.9900,11430
2025-06-16 19:30:00,215.1600,215.3600,214.8100,214.8400,14512
2025-06-16 19:25:00,215.0300,215.4800,215.0000,215.1950,7444
2025-06-16 19:20:00,215.2000,215.3900,215.0100,215.0100,3731
2025-06-16 19:15:00,215.2900,215.6000,215.2000,215.2500,1647
2025-06-16 19:10:00,215.4200,215.4200,215.2000,215.2500,2714
2025-06-16 19:05:00,215.2050,215.4600,215.1100,215.3800,6197
2025-06-16 19:00:00,215.2100,215.3000,215.0800,215.2100,4665
2025-06-16 18:55:00,215.2000,215.3000,215.1200,215.3000,7752
2025-06-16 18:50:00,215.5400,215.5400,215.2500,215.4000,7406
2025-06-16 18:45:00,215.6300,215.7365,215.2800,215.4000,8005
2025-06-16 18:40:00,215.7200,215.9000,215.2500,215.6009,7846
2025-06-16 18:35:00,215.6600,216.0799,215.6500,215.8100,2571
2025-06-16 18:30:00,216.0500,216.1475,215.5000,215.8650,11299
2025-06-16 18:25:00,216.1700,216.1700,216.0500,216.1000,3623
2025-06-16 18:20:00,216.0900,216.2200,216.0500,216.1600,339
2025-06-16 18:15:00,216.0750,216.2200,216.0500,216.2200,4167
2025-06-16 18:10:00,216.1350,216.2200,216.0500,216.0750,1689
2025-06-16 18:05:00,216.1800,216.2400,216.0000,216.1000,3001
2025-06-16 18:00:00,216.2200,216.2400,216.0000,216.1214,2487
2025-06-16 17:55:00,216.1800,216.2400,216.1800,216.2100,954
2025-06-16 17:50:00,216.2400,216.2400,216.1800,216.1800,469
2025-06-16 17:45:00,216.2200,216.2400,216.1800,216.2100,500
2025-06-16 17:40:00,216.2250,216.2500,216.1800,216.2100,1596
2025-06-16 17:35:00,216.1800,216.2500,216.1800,216.2250,606
2025-06-16 17:30:00,216.2350,216.2500,216.1800,216.2150,2196
2025-06-16 17:25:00,216.2150,216.2900,216.1800,216.2500,1556
2025-06-16 17:20:00,208.4845,216.2500,204.9338,216.1800,7099
2025-06-16 17:15:00,216.1200,216.1800,216.1200,216.1450,1128
2025-06-16 17:10:00,216.1500,216.1800,202.3361,216.1500,750
2025-06-16 17:05:00,216.2150,216.2400,203.6624,216.1500,1516
2025-06-16 17:00:00,216.1400,216.2400,201.3467,216.2150,26077
2025-06-16 16:55:00,216.2200,216.2200,202.3361,216.1400,1188
2025-06-16 16:50:00,216.1800,216.9114,203.6449,216.1300,4149
2025-06-16 16:45:00,216.1200,216.2500,203.6449,216.1200,1457
2025-06-16 16:40:00,216.2300,216.2300,216.0800,216.1600,1497
2025-06-16 16:35:00,216.0500,216.2300,216.0500,216.2300,8354
2025-06-16 16:30:00,216.1400,216.1800,216.0100,216.0600,2580
2025-06-16 16:25:00,216.2000,216.2400,216.0900,216.1400,2741
2025-06-16 16:20:00,216.1000,216.2800,216.1000,216.1100,76277
2025-06-16 16:15:00,216.1500,216.2900,216.1000,216.1950,4949
2025-06-16 16:10:00,216.0500,216.2000,216.0500,216.1550,2034
2025-06-16 16:05:00,216.1900,216.3200,216.0000,216.0500,67592
2025-06-16 16:00:00,216.1600,217.0000,215.9700,216.2600,10830196
2025-06-16 15:55:00,216.3000,216.4400,215.8900,216.1600,1580208
2025-06-16 15:50:00,216.9500,216.9625,216.2000,216.2900,924328
2025-06-16 15:45:00,216.5500,217.0600,216.5400,216.9604,650194
2025-06-16 15:40:00,216.4601,216.6700,216.4000,216.5510,485334
2025-06-16 15:35:00,216.3800,216.6050,216.3800,216.4700,398287
2025-06-16 15:30:00,216.3100,216.4900,216.2650,216.4000,234309
2025-06-16 15:25:00,216.4964,216.5900,216.2600,216.2900,306584
2025-06-16 15:20:00,216.2900,216.6300,216.1301,216.4900,420316
2025-06-16 15:15:00,216.5192,216.6400,216.3000,216.3264,251206
2025-06-16 15:10:00,216.3200,216.6200,216.2100,216.5100,309985
2025-06-16 15:05:00,216.3900,216.4700,216.3100,216.3200,231135
2025-06-16 15:00:00,216.3550,216.4300,216.2500,216.3964,258649
2025-06-16 14:55:00,216.0900,216.4300,216.0750,216.3550,303523
2025-06-16 14:50:00,215.7350,216.1000,215.6600,216.0827,267174
2025-06-16 14:45:00,215.7500,215.7800,215.6000,215.7300,152461
2025-06-16 14:40:00,215.7600,215.8400,215.7200,215.7650,93665
2025-06-16 14:35:00,215.7700,215.8400,215.6500,215.7600,100307
2025-06-16 14:30:00,215.7550,215.8456,215.7000,215.7700,138795
2025-06-16 14:25:00,215.8200,215.8500,215.6650,215.7600,160793
2025-06-16 14:20:00,215.6700,215.8300,215.5400,215.8100,126354
2025-06-16 14:15:00,215.6900,215.7400,215.5875,215.6500,116952
2025-06-16 14:10:00,215.6008,215.6800,215.5100,215.6800,125518
2025-06-16 14:05:00,215.6000,215.6900,215.5300,215.6100,97833
2025-06-16 14:00:00,215.2350,215.6199,215.2350,215.6000,153179
2025-06-16 13:55:00,215.3800,215.3900,215.1500,215.2300,123374
2025-06-16 13:50:00,215.4201,215.5750,215.3600,215.3700,107729
2025-06-16 13:45:00,215.4200,215.4500,215.2800,215.4450,123806
2025-06-16 13:40:00,215.5500,215.7000,215.4200,215.4200,104399
2025-06-16 13:35:00,215.6400,215.6700,215.4400,215.5500,153080
2025-06-16 13:30:00,215.8200,215.9400,215.5600,215.6300,177745
2025-06-16 13:25:00,215.7300,215.9300,215.6400,215.8350,222924
2025-06-16 13:20:00,215.4050,215.8100,215.3650,215.7200,197976
2025-06-16 13:15:00,215.1150,215.4582,215.0350,215.4000,156847
2025-06-16 13:10:00,215.2850,215.3700,215.0600,215.1200,145118
2025-06-16 13:05:00,215.2900,215.3100,215.1000,215.3100,157399
2025-06-16 13:00:00,215.1400,215.3800,215.1400,215.2700,200565
2025-06-16 12:55:00,215.2300,215.3000,215.0100,215.1400,177776
2025-06-16 12:50:00,214.9000,215.2700,214.8950,215.2500,141676
2025-06-16 12:45:00,214.9400,215.0600,214.8600,214.9000,186994
2025-06-16 12:40:00,215.2200,215.2300,214.9200,214.9600,158039
2025-06-16 12:35:00,215.2500,215.3300,215.0000,215.2200,231663
2025-06-16 12:30:00,215.2749,215.4758,215.2300,215.2650,156624
2025-06-16 12:25:00,215.3700,215.3900,215.2201,215.2800,125475
2025-06-16 12:20:00,215.4500,215.6399,215.3200,215.3550,174643
2025-06-16 12:15:00,215.7000,215.7319,215.4700,215.4850,168104
2025-06-16 12:10:00,215.3250,215.7800,215.2050,215.7194,289096
2025-06-16 12:05:00,215.4200,215.4400,215.2400,215.3250,165238
2025-06-16 12:00:00,215.4000,215.5399,215.2100,215.4150,249292
2025-06-16 11:55:00,215.4700,215.5800,215.1600,215.4125,334922
2025-06-16 11:50:00,215.7600,215.7850,215.4250,215.4700,173280
2025-06-16 11:45:00,215.6400,215.8299,215.6000,215.7900,182477
2025-06-16 11:40:00,215.8450,215.8800,215.5700,215.6399,206158
2025-06-16 11:35:00,215.7900,216.0000,215.6900,215.8500,240962
2025-06-16 11:30:00,216.0100,216.2800,215.7261,215.7762,388160
2025-06-16 11:25:00,216.3400,216.5500,215.9800,216.0300,784565
2025-06-16 11:20:00,215.6000,216.3700,215.5800,216.3400,607995
2025-06-16 11:15:00,215.4900,215.7047,215.3700,215.6150,357104
2025-06-16 11:10:00,215.3550,215.5300,213.3000,215.4900,511077
2025-06-16 11:05:00,214.7500,215.3600,214.6900,215.3600,595328
2025-06-16 11:00:00,214.6275,214.8600,214.5800,214.7500,251636
2025-06-16 10:55:00,214.5950,214.7000,214.5000,214.6300,243900
2025-06-16 10:50:00,214.3950,214.7497,214.3600,214.6100,242532
2025-06-16 10:45:00,214.3800,214.4800,214.1400,214.3950,235619
2025-06-16 10:40:00,214.4500,214.4600,214.0770,214.3750,328873
2025-06-16 10:35:00,214.4400,214.6700,214.2850,214.4272,273200
2025-06-16 10:30:00,214.6600,214.8600,214.3500,214.4300,781586
2025-06-16 10:25:00,214.5541,214.6700,212.4499,214.6600,368721
2025-06-16 10:20:00,214.5400,214.6700,214.2250,214.5750,291674
2025-06-16 10:15:00,213.9500,214.6494,213.7750,214.5823,505800
2025-06-16 10:10:00,213.5829,214.3350,213.5200,213.9710,581129
2025-06-16 10:05:00,213.7800,213.8000,213.3960,213.5900,367056
2025-06-16 10:00:00,213.7800,213.9700,213.4900,213.7600,384677
2025-06-16 09:55:00,213.1900,213.9800,213.1600,213.7800,610501
2025-06-16 09:50:00,212.5400,213.4000,212.3000,213.1800,542890
2025-06-16 09:45:00,212.4180,212.7700,212.0000,212.5500,682649
2025-06-16 09:40:00,211.9400,212.5100,211.7100,212.3900,594242
2025-06-16 09:35:00,212.0500,212.4500,211.6000,211.9350,611456
2025-06-16 09:30:00,212.3100,213.4200,211.9200,212.0700,1504549
2025-06-16 09:25:00,213.2500,213.3000,212.1144,212.3300,113111
2025-06-16 09:20:00,213.3200,213.4500,213.2100,213.2750,9857
2025-06-16 09:15:00,213.5200,213.5800,213.2000,213.3150,8018
2025-06-16 09:10:00,213.5800,213.7200,213.4500,213.5600,12202
2025-06-16 09:05:00,213.6600,213.7400,213.4500,213.6200,20298
2025-06-16 09:00:00,213.4000,213.6600,213.3000,213.6500,9841
2025-06-16 08:55:00,213.6100,213.7000,213.3100,213.4100,9294
2025-06-16 08:50:00,213.8500,213.9100,213.5900,213.6886,8988
2025-06-16 08:45:00,213.8750,213.9500,213.8500,213.8800,11122
2025-06-16 08:40:00,213.7700,213.9000,213.6400,213.8900,12124
2025-06-16 08:35:00,213.8000,213.9800,212.1000,213.7800,419594
2025-06-16 08:30:00,213.9100,213.9800,213.7500,213.8000,5503
2025-06-16 08:25:00,213.8600,213.9800,213.7300,213.9100,18163
2025-06-16 08:20:00,213.8900,213.9800,213.8000,213.8300,22163
2025-06-16 08:15:00,213.8545,213.9500,213.6200,213.8501,8394
2025-06-16 08:10:00,213.7000,213.9600,213.5500,213.7500,9016
2025-06-16 08:05:00,213.4900,213.7000,213.4500,213.7000,20031
2025-06-16 08:00:00,213.0387,213.6500,212.1000,213.5000,91668
2025-06-16 07:55:00,213.4500,213.5100,213.3900,213.5000,3811
2025-06-16 07:50:00,213.4000,213.5100,213.3800,213.5000,3975
2025-06-16 07:45:00,213.3700,213.5000,213.3400,213.3900,3173
2025-06-16 07:40:00,213.3500,213.3700,213.2400,213.3100,1175
2025-06-16 07:35:00,213.1000,213.4100,213.1000,213.3000,5079
2025-06-16 07:30:00,213.1100,213.2100,213.0800,213.1000,5661
2025-06-16 07:25:00,213.1000,213.1100,212.9900,213.1100,3013
2025-06-16 07:20:00,213.0600,213.1500,213.0000,213.0600,4825
2025-06-16 07:15:00,213.0900,213.1800,213.0300,213.1100,2280
2025-06-16 07:10:00,213.0500,213.1000,212.9200,213.1000,8065
2025-06-16 07:05:00,213.1000,213.1000,212.9400,213.0200,2268
2025-06-16 07:00:00,213.5300,213.5300,212.9300,213.1000,19252
2025-06-16 06:55:00,213.2900,213.5400,213.2900,213.5400,1770
2025-06-16 06:50:00,213.3100,213.3900,213.3000,213.3000,172
2025-06-16 06:45:00,213.3300,213.3500,213.2100,213.3000,1415
2025-06-16 06:40:00,213.2800,213.2900,213.0900,213.2800,3796
2025-06-16 06:35:00,213.3300,213.3700,213.2800,213.3200,918
2025-06-16 06:30:00,213.4000,213.4100,213.3200,213.3500,110
2025-06-16 06:25:00,213.3900,213.4300,213.3000,213.3700,1092
2025-06-16 06:20:00,213.4300,213.4400,213.3600,213.4300,757
2025-06-16 06:15:00,213.3100,213.4200,213.2900,213.4200,2629
2025-06-16 06:10:00,213.2900,213.3500,213.2500,213.3000,2583
2025-06-16 06:05:00,213.2300,213.3400,213.2100,213.2900,1213
2025-06-16 06:00:00,213.3300,213.3400,213.2100,213.2100,969
2025-06-16 05:55:00,213.1500,213.3500,213.1100,213.3300,1511
2025-06-16 05:50:00,213.0100,213.2000,213.0100,213.1800,482
2025-06-16 05:45:00,213.1500,213.1700,213.0300,213.0300,666
2025-06-16 05:40:00,213.0700,213.1800,213.0700,213.1200,1001
2025-06-16 05:35:00,213.1100,213.2300,213.0100,213.0700,1704
2025-06-16 05:30:00,213.1800,213.2300,213.0800,213.1300,927
2025-06-16 05:25:00,213.3200,213.4800,213.1600,213.2000,2670
2025-06-16 05:20:00,213.2200,213.3000,213.2200,213.3000,1425
2025-06-16 05:15:00,213.3900,213.3900,213.2000,213.2200,1632
2025-06-16 05:10:00,213.5200,213.5800,213.2500,213.2700,2925
2025-06-16 05:05:00,213.5000,213.5800,213.4300,213.5200,248
2025-06-16 05:00:00,213.4800,213.5800,213.4600,213.4600,1045
2025-06-16 04:55:00,213.4900,213.5100,213.4500,213.5100,891
2025-06-16 04:50:00,213.4500,213.5100,213.4300,213.4500,1294
2025-06-16 04:45:00,213.5500,213.6500,213.4700,213.4700,5005
2025-06-16 04:40:00,213.6100,213.7100,213.4700,213.6500,1745
2025-06-16 04:35:00,213.4400,213.6600,213.4400,213.6200,1734
2025-06-16 04:30:00,213.4300,213.6300,213.4200,213.5400,3011
2025-06-16 04:25:00,213.3500,213.4900,213.3100,213.4800,3610
2025-06-16 04:20:00,213.2000,213.3600,213.1700,213.3600,2091
2025-06-16 04:15:00,213.1900,213.3000,213.1800,213.1900,2268
2025-06-16 04:10:00,213.3300,213.4100,213.2300,213.2300,1748
2025-06-16 04:05:00,212.9600,213.3000,212.9300,213.2800,5482
2025-06-16 04:00:00,213.1800,213.4000,212.9900,213.0000,12648
2025-06-13 19:55:00,211.8899,211.8900,211.7500,211.8100,3146
2025-06-13 19:50:00,211.8800,211.8900,211.8500,211.8700,6456
2025-06-13 19:45:00,211.8800,211.8900,211.8700,211.8900,3969
2025-06-13 19:40:00,211.8950,211.9000,211.8800,211.8801,2161
2025-06-13 19:35:00,211.8850,211.9000,211.8800,211.8999,420
2025-06-13 19:30:00,211.8750,211.9000,211.8500,211.9000,1057
2025-06-13 19:25:00,211.8650,211.9000,211.8500,211.8750,1566
2025-06-13 19:20:00,211.8650,211.8800,211.8500,211.8700,870
2025-06-13 19:15:00,211.8900,211.9000,211.8500,211.8500,435
2025-06-13 19:10:00,211.8500,211.9000,211.8500,211.8800,731
2025-06-13 19:05:00,211.8500,211.9000,211.8400,211.8750,1096
2025-06-13 19:00:00,211.8400,211.9000,211.8100,211.8500,237
2025-06-13 18:55:00,211.8300,211.9000,211.8000,211.8400,1242
2025-06-13 18:50:00,211.8100,211.8700,211.8100,211.8300,492
2025-06-13 18:45:00,211.8400,211.8700,211.8100,211.8700,923
2025-06-13 18:40:00,211.8400,211.8700,211.8100,211.8400,1294
2025-06-13 18:35:00,211.8900,211.8900,211.8100,211.8400,496
2025-06-13 18:30:00,211.8900,211.9000,211.8000,211.8700,546
2025-06-13 18:25:00,211.8000,211.9000,211.8000,211.8900,7351
2025-06-13 18:20:00,211.9500,212.0000,211.8000,211.9700,1534
2025-06-13 18:15:00,212.0000,212.0800,211.9500,211.9600,1329
2025-06-13 18:10:00,211.9500,212.0000,211.9500,211.9900,506
2025-06-13 18:05:00,211.9200,212.0000,211.9100,211.9800,1747
2025-06-13 18:00:00,211.9000,212.0000,211.9000,211.9000,284
2025-06-13 17:55:00,211.9025,212.0000,211.9000,211.9500,1000
2025-06-13 17:50:00,211.9000,212.0000,211.9000,211.9500,191
2025-06-13 17:45:00,212.0000,212.0000,211.9000,211.9001,1732
2025-06-13 17:40:00,211.9250,212.0000,211.9000,211.9000,884
2025-06-13 17:35:00,212.0000,212.0000,211.9000,211.9250,281
2025-06-13 17:30:00,211.8600,212.0000,211.8000,211.9500,560
2025-06-13 17:25:00,211.8050,212.0000,211.7300,211.9000,1780
2025-06-13 17:20:00,211.8000,211.8800,211.7300,211.8500,2059
2025-06-13 17:15:00,211.7350,248.3131,195.3537,211.7800,1210
2025-06-13 17:10:00,211.7600,248.3131,186.5843,211.8000,4720
2025-06-13 17:05:00,211.8650,212.0000,196.0062,211.7600,2359
2025-06-13 17:00:00,211.8400,233.3059,192.7091,211.8650,2298
2025-06-13 16:55:00,211.5980,211.9800,211.5900,211.8000,7617
2025-06-13 16:50:00,211.9999,212.0000,211.5900,211.9100,3408
2025-06-13 16:45:00,211.9800,212.1000,211.8100,211.9500,21640
2025-06-13 16:40:00,211.9800,212.1000,211.8000,211.9450,353975
2025-06-13 16:35:00,211.8950,212.1000,211.8000,212.0000,10962
2025-06-13 16:30:00,211.8500,211.9900,184.4200,211.9900,3509
2025-06-13 16:25:00,211.9550,212.0000,211.8000,211.8500,3206
2025-06-13 16:20:00,212.0000,212.1735,211.9100,211.9200,1809
2025-06-13 16:15:00,212.0515,212.1000,211.9100,212.0000,6522
2025-06-13 16:10:00,212.0300,212.1079,211.9100,212.0500,113591
2025-06-13 16:05:00,211.9050,212.1000,211.9000,212.0394,13888
2025-06-13 16:00:00,212.1100,212.3000,211.6300,211.9300,7306963
2025-06-13 15:55:00,211.7400,212.2800,211.5400,212.1100,1391431
2025-06-13 15:50:00,211.8000,212.0000,211.4300,211.7500,648308
2025-06-13 15:45:00,211.7000,211.9900,211.3000,211.7800,415605
2025-06-13 15:40:00,211.9850,212.1100,211.6100,211.7100,326040
2025-06-13 15:35:00,211.4200,212.0697,211.3500,211.9850,235980
2025-06-13 15:30:00,211.5700,211.7900,211.3000,211.4300,275980
2025-06-13 15:25:00,211.6500,211.7028,211.3600,211.5600,247888
2025-06-13 15:20:00,211.9300,212.1464,211.5900,211.6500,239252
2025-06-13 15:15:00,212.0800,212.1600,211.8500,211.9400,199551
2025-06-13 15:10:00,212.1800,212.1993,211.8600,212.0500,211607
2025-06-13 15:05:00,211.7650,212.2400,211.6300,212.1700,203594
2025-06-13 15:00:00,211.9600,212.1050,211.5500,211.7700,210600
2025-06-13 14:55:00,211.9800,212.1400,211.6700,211.9890,174354
2025-06-13 14:50:00,211.8400,212.0500,211.7300,211.9850,212568
2025-06-13 14:45:00,211.8775,212.1871,211.7000,211.8300,274939
2025-06-13 14:40:00,211.9850,212.2500,211.8252,211.8750,219033
2025-06-13 14:35:00,212.1950,212.2600,211.8000,212.0100,281644
2025-06-13 14:30:00,212.4000,212.4900,211.9100,212.2050,285907
2025-06-13 14:25:00,212.8850,212.9900,212.3900,212.4150,190425
2025-06-13 14:20:00,213.0200,213.1300,212.8200,212.8850,131340
2025-06-13 14:15:00,213.0235,213.1000,212.6000,213.0229,268760
2025-06-13 14:10:00,212.9600,213.2235,212.9100,213.0100,171800
2025-06-13 14:05:00,212.9600,213.2500,212.8200,212.9550,207691
2025-06-13 14:00:00,213.2400,213.4100,212.6421,212.9400,254700
2025-06-13 13:55:00,213.4200,213.4300,213.1650,213.2641,96837
2025-06-13 13:50:00,213.1700,213.5500,213.1450,213.4100,155391
2025-06-13 13:45:00,213.2000,213.3400,213.1350,213.1900,81525
2025-06-13 13:40:00,212.9900,213.3012,212.9300,213.2000,118421
2025-06-13 13:35:00,213.1100,213.2200,212.9200,212.9800,128727
2025-06-13 13:30:00,213.2200,213.4348,213.1000,213.1000,178989
2025-06-13 13:25:00,213.5759,213.6100,213.2200,213.2459,123275
2025-06-13 13:20:00,213.1800,213.7300,213.1700,213.5600,231875
2025-06-13 13:15:00,213.3495,213.3600,212.9400,213.1948,278202
2025-06-13 13:10:00,213.5698,213.5744,213.2208,213.3400,184707
2025-06-13 13:05:00,213.8398,213.8398,213.5500,213.5655,136098
2025-06-13 13:00:00,213.9550,214.0300,213.8151,213.8200,213261
2025-06-13 12:55:00,213.8050,214.0400,213.7650,213.9700,196584
2025-06-13 12:50:00,213.4900,214.0000,213.4543,213.8134,151688
2025-06-13 12:45:00,213.5100,213.6397,213.4300,213.4850,179450
2025-06-13 12:40:00,213.3900,213.6000,213.2800,213.4900,308718
2025-06-13 12:35:00,213.7100,213.8200,213.3500,213.4000,191290
2025-06-13 12:30:00,213.7400,213.8800,213.6400,213.7091,201106
2025-06-13 12:25:00,213.7850,213.8900,213.6700,213.7300,192151
2025-06-13 12:20:00,213.8300,213.8700,213.6092,213.7700,225264
2025-06-13 12:15:00,213.6825,214.0500,213.6000,213.8300,561098
2025-06-13 12:10:00,213.4100,213.7150,213.3900,213.6750,248880
2025-06-13 12:05:00,213.0300,213.4600,213.0200,213.3975,224319
2025-06-13 12:00:00,213.2000,213.3500,213.0100,213.0304,183052
2025-06-13 11:55:00,213.0800,213.3200,212.9200,213.2200,267659
2025-06-13 11:50:00,213.0950,213.2413,212.9841,213.0644,150631
2025-06-13 11:45:00,212.9800,213.2200,212.9301,213.0900,162060
2025-06-13 11:40:00,212.9300,213.0900,212.8200,212.9800,156695
2025-06-13 11:35:00,212.9900,213.0800,212.8200,212.9200,214719
2025-06-13 11:30:00,212.7800,212.9900,212.7100,212.9750,197575
2025-06-13 11:25:00,212.6968,212.9400,212.6000,212.7900,248282
2025-06-13 11:20:00,212.4900,212.9500,212.3401,212.7000,337468
2025-06-13 11:15:00,212.3450,212.5000,212.1700,212.4866,219295
2025-06-13 11:10:00,212.1050,212.4100,211.8900,212.3400,284115
2025-06-13 11:05:00,211.7000,212.1700,211.6700,212.0950,234374
2025-06-13 11:00:00,211.7470,211.9200,211.5900,211.7200,688658
2025-06-13 10:55:00,211.5600,211.8100,211.4400,211.7496,281428
2025-06-13 10:50:00,211.1600,211.7000,210.9300,211.5600,329225
2025-06-13 10:45:00,211.0600,211.3372,210.9288,211.1800,238542
2025-06-13 10:40:00,210.6750,211.1600,210.6300,211.0350,326993
2025-06-13 10:35:00,210.1300,210.7400,210.0603,210.6827,317317
2025-06-13 10:30:00,209.9300,210.2500,209.8200,210.1350,297881
2025-06-13 10:25:00,210.1450,210.3300,209.8100,209.9150,313901
2025-06-13 10:20:00,210.3700,210.4600,209.9600,210.1400,484782
2025-06-13 10:15:00,210.9698,210.9875,210.2900,210.3930,660365
2025-06-13 10:10:00,211.3300,211.3500,210.4700,210.9700,488533
2025-06-13 10:05:00,211.1300,211.4800,210.9800,211.3250,405035
2025-06-13 10:00:00,211.1600,211.5500,211.0600,211.1300,428693
2025-06-13 09:55:00,210.8800,211.2600,210.7600,211.1200,331553
2025-06-13 09:50:00,210.6600,211.1800,210.4000,210.8800,467192
2025-06-13 09:45:00,211.5800,211.5800,210.5600,210.6722,459231
2025-06-13 09:40:00,212.0000,212.1180,211.4900,211.5600,525942
2025-06-13 09:35:00,211.4650,212.0900,210.9100,212.0100,600351
2025-06-13 09:30:00,209.9600,211.6699,209.6200,211.4500,1457396
2025-06-13 09:25:00,209.2900,210.0700,209.2700,210.0000,31746
2025-06-13 09:20:00,209.3200,209.4900,209.2700,209.3450,13039
2025-06-13 09:15:00,209.2000,209.5000,209.1000,209.3600,40292
2025-06-13 09:10:00,209.2200,209.3400,209.1000,209.2200,12862
2025-06-13 09:05:00,209.2317,209.4200,209.0000,209.3000,24566
2025-06-13 09:00:00,209.3650,209.5700,209.1360,209.2400,20215
2025-06-13 08:55:00,209.4200,209.6600,209.2500,209.4800,12109
2025-06-13 08:50:00,209.7000,209.8400,209.2500,209.5400,24133
2025-06-13 08:45:00,209.7200,209.8700,209.5000,209.6700,21653
2025-06-13 08:40:00,210.2100,210.3100,209.7000,209.7600,14439
2025-06-13 08:35:00,210.2050,210.4000,210.1250,210.2300,6927
2025-06-13 08:30:00,210.2800,210.3000,210.1000,210.3000,10768
2025-06-13 08:25:00,210.3900,210.5900,210.1300,210.3100,24457
2025-06-13 08:20:00,210.0330,210.4200,210.0000,210.2200,15865
2025-06-13 08:15:00,210.0900,210.1500,209.8900,210.1500,19530
2025-06-13 08:10:00,209.9800,210.2100,209.8118,209.9500,26345
2025-06-13 08:05:00,209.8676,213.2400,208.1300,209.9500,26075
2025-06-13 08:00:00,209.3000,213.2400,208.1100,209.8100,210192
2025-06-13 07:55:00,209.6000,209.8100,209.5500,209.5500,7410
2025-06-13 07:50:00,209.3700,209.6900,209.3700,209.5600,11344
2025-06-13 07:45:00,209.1400,209.3800,209.1100,209.2900,11945
2025-06-13 07:40:00,208.7700,209.1700,208.7500,209.1400,5406
2025-06-13 07:35:00,208.6100,209.0000,208.6000,208.7000,10732
2025-06-13 07:30:00,209.0000,209.2300,208.4200,208.6500,36999
2025-06-13 07:25:00,209.0300,209.1000,208.9500,209.0400,12328
2025-06-13 07:20:00,209.4200,209.5700,209.0000,209.0300,15423
2025-06-13 07:15:00,209.2500,209.3300,209.0500,209.3300,12848
2025-06-13 07:10:00,210.0000,210.0100,209.2000,209.2500,14464
2025-06-13 07:05:00,209.8000,210.1300,209.7900,210.0100,8957
2025-06-13 07:00:00,209.2900,209.9100,208.6800,209.8300,48736
2025-06-13 06:55:00,209.0800,209.4200,209.0800,209.2000,4950
2025-06-13 06:50:00,209.1800,209.2100,209.0500,209.1000,4700
2025-06-13 06:45:00,209.1500,209.2000,209.0000,209.2000,4399
2025-06-13 06:40:00,209.2900,209.3300,209.0500,209.1100,2689
2025-06-13 06:35:00,209.6600,209.6900,209.2500,209.2800,5872
2025-06-13 06:30:00,209.2800,209.9000,209.2200,209.6500,9915
2025-06-13 06:25:00,209.0300,209.5700,209.0300,209.2700,2507
2025-06-13 06:20:00,208.8500,209.1400,208.7000,208.9600,18043
2025-06-13 06:15:00,209.2000,209.2200,208.8400,208.8400,7553
2025-06-13 06:10:00,208.8600,209.3400,208.8400,209.2000,1510
2025-06-13 06:05:00,209.0900,209.1500,208.7500,208.8300,5135
2025-06-13 06:00:00,209.3300,209.3600,209.0100,209.0200,2281
2025-06-13 05:55:00,209.0100,209.3000,209.0100,209.3000,3023
2025-06-13 05:50:00,208.9600,209.0800,208.9000,209.0100,5340
2025-06-13 05:45:00,208.9400,209.0100,208.9100,208.9600,916
2025-06-13 05:40:00,209.0400,209.0400,208.8900,208.9900,1765
2025-06-13 05:35:00,208.8900,209.0400,208.8400,209.0100,4626
2025-06-13 05:30:00,209.0400,209.3600,208.9000,208.9400,4476
2025-06-13 05:25:00,208.8200,209.1900,208.6700,209.1000,5645
2025-06-13 05:20:00,208.6800,208.9000,208.6800,208.7900,1844
2025-06-13 05:15:00,208.4600,209.2300,208.4500,208.8400,1912
2025-06-13 05:10:00,208.6700,208.9100,208.2600,208.4500,2628
2025-06-13 05:05:00,208.5100,208.8300,208.5100,208.8300,2301
2025-06-13 05:00:00,208.2700,208.7800,208.0000,208.4800,14738
2025-06-13 04:55:00,208.7800,209.0400,208.0500,208.2700,9384
2025-06-13 04:50:00,208.6700,209.0300,208.6700,208.7900,2995
2025-06-13 04:45:00,209.1100,209.1100,208.5400,208.6900,10736
2025-06-13 04:40:00,209.1700,209.1900,209.0200,209.0200,1330
2025-06-13 04:35:00,209.1500,209.2300,209.0200,209.1900,2209
2025-06-13 04:30:00,209.3000,209.4000,209.1000,209.1500,3990
2025-06-13 04:25:00,209.3300,209.3900,209.0600,209.3100,3579
2025-06-13 04:20:00,209.8000,209.8000,209.3100,209.3700,3169
2025-06-13 04:15:00,209.8000,209.8900,209.5600,209.7100,3137
2025-06-13 04:10:00,209.5000,209.8800,209.4600,209.7700,4943
2025-06-13 04:05:00,209.6600,209.7500,209.3300,209.6200,8564
2025-06-13 04:00:00,209.8800,210.0400,208.2200,209.7700,19643
2025-06-12 19:55:00,212.4000,212.6000,212.0000,212.0000,12583
2025-06-12 19:50:00,212.3800,212.6800,212.3800,212.5000,2335
2025-06-12 19:45:00,212.7700,212.7800,212.2800,212.6800,5017
2025-06-12 19:40:00,212.7700,212.7800,212.5000,212.6450,2445
2025-06-12 19:35:00,212.7000,212.8900,212.6700,212.7700,1332
2025-06-12 19:30:00,212.8100,212.8900,212.6700,212.7150,1779
2025-06-12 19:25:00,212.8000,212.9000,212.7600,212.8000,281
2025-06-12 19:20:00,212.8000,212.9000,212.7500,212.8000,1003
2025-06-12 19:15:00,212.7750,212.8019,212.7000,212.8019,2960
2025-06-12 19:10:00,212.7600,212.8600,212.6700,212.8500,286
2025-06-12 19:05:00,212.7300,212.7800,212.6700,212.7100,1287
2025-06-12 19:00:00,212.7250,213.2400,212.6500,212.6900,42040
2025-06-12 18:55:00,212.6700,212.8000,212.6500,212.7250,574
2025-06-12 18:50:00,212.6520,212.8800,212.6500,212.8000,2958
2025-06-12 18:45:00,212.7500,212.8800,212.6200,212.7000,3279
2025-06-12 18:40:00,212.7050,212.8800,212.6100,212.7500,1626
2025-06-12 18:35:00,212.7500,212.9000,212.7050,212.7050,2107
2025-06-12 18:30:00,212.8250,212.9000,212.6000,212.7550,4534
2025-06-12 18:25:00,212.9512,213.0000,212.7501,212.8250,4770
2025-06-12 18:20:00,212.9900,213.0000,212.8500,212.9512,1155
2025-06-12 18:15:00,213.0100,213.0600,212.8500,212.9250,4039
2025-06-12 18:10:00,213.0000,213.1670,213.0000,213.0400,1399
2025-06-12 18:05:00,213.0200,213.1700,213.0000,213.0750,1719
2025-06-12 18:00:00,213.1100,213.2000,213.0200,213.0950,2297
2025-06-12 17:55:00,213.1850,213.2000,213.0700,213.2000,283
2025-06-12 17:50:00,213.1800,213.2700,213.1600,213.1850,6517
2025-06-12 17:45:00,213.1200,213.1900,213.0700,213.1300,1191
2025-06-12 17:40:00,213.0600,213.2400,213.0600,213.1300,61065
2025-06-12 17:35:00,213.0600,213.1900,213.0500,213.1200,1070
2025-06-12 17:30:00,213.2000,213.2000,213.0500,213.0850,1177
2025-06-12 17:25:00,213.1750,213.2000,213.0500,213.1250,2234
2025-06-12 17:20:00,213.2000,213.2000,213.1500,213.1997,805
2025-06-12 17:15:00,213.1000,213.2500,213.0900,213.1500,1715
2025-06-12 17:10:00,213.0222,213.1500,213.0200,213.0917,5532
2025-06-12 17:05:00,216.1230,216.1230,201.1028,213.0650,1098
2025-06-12 17:00:00,213.1100,216.9396,213.0100,213.0850,1098
2025-06-12 16:55:00,213.1100,214.2013,209.5124,213.1101,7036
2025-06-12 16:50:00,213.2000,218.8619,213.1100,213.1110,1905
2025-06-12 16:45:00,213.1800,216.1230,200.7251,213.2200,4313
2025-06-12 16:40:00,213.2550,213.3500,213.1100,213.1500,1771
2025-06-12 16:35:00,213.2450,213.3200,213.1900,213.1900,9454
2025-06-12 16:30:00,213.3000,213.3000,213.1900,213.2800,3817
2025-06-12 16:25:00,213.2000,213.3000,213.1100,213.1900,437169
2025-06-12 16:20:00,213.3300,213.3500,213.1300,213.3100,9328
2025-06-12 16:15:00,213.3400,213.3500,213.2400,213.3300,71172
2025-06-12 16:10:00,213.2401,213.3500,213.2400,213.3350,13776
2025-06-12 16:05:00,213.2403,213.3300,213.1100,213.2300,624594
2025-06-12 16:00:00,213.2300,213.2800,212.8000,213.2550,8864079
2025-06-12 15:55:00,212.7600,213.2700,212.7200,213.2400,1323495
2025-06-12 15:50:00,212.6300,212.8300,212.4600,212.7500,546352
2025-06-12 15:45:00,212.7000,212.8000,212.5600,212.6350,298341
2025-06-12 15:40:00,212.8850,212.8850,212.6700,212.7038,215460
2025-06-12 15:35:00,212.9200,212.9700,212.7901,212.8850,159982
2025-06-12 15:30:00,212.9650,212.9700,212.7900,212.9300,205263
2025-06-12 15:25:00,212.9800,212.9800,212.7800,212.9700,212698
2025-06-12 15:20:00,213.2900,213.2900,212.9500,212.9900,292800
2025-06-12 15:15:00,213.2900,213.3300,213.2000,213.2800,224419
2025-06-12 15:10:00,213.4150,213.4200,213.2600,213.3099,218418
2025-06-12 15:05:00,213.3000,213.4500,213.2300,213.4150,181973
2025-06-12 15:00:00,213.3200,213.4500,213.2300,213.2902,279220
2025-06-12 14:55:00,213.1700,213.3900,213.0800,213.3250,184676
2025-06-12 14:50:00,212.9700,213.2000,212.9100,213.1528,163177
2025-06-12 14:45:00,212.8700,213.0500,212.7800,212.9800,167956
2025-06-12 14:40:00,213.0900,213.1700,212.8400,212.8600,141849
2025-06-12 14:35:00,213.0400,213.1395,212.9400,213.0800,168719
2025-06-12 14:30:00,213.0300,213.0800,212.8000,213.0200,119259
2025-06-12 14:25:00,212.8860,213.0462,212.7850,213.0200,169142
2025-06-12 14:20:00,213.0200,213.1000,212.8200,212.9000,220213
2025-06-12 14:15:00,212.6600,213.0100,212.6000,213.0050,201690
2025-06-12 14:10:00,212.7700,212.8100,212.6600,212.6700,132741
2025-06-12 14:05:00,212.7400,212.8129,212.7250,212.7650,816339
2025-06-12 14:00:00,212.7500,212.7900,212.6200,212.7400,150324
2025-06-12 13:55:00,212.9150,212.9299,212.7050,212.7400,114619
2025-06-12 13:50:00,212.7699,212.9200,212.7592,212.9200,84513
2025-06-12 13:45:00,212.9400,212.9400,212.7100,212.7700,138326
2025-06-12 13:40:00,212.9799,212.9900,212.7700,212.9200,99590
2025-06-12 13:35:00,212.8800,212.9800,212.7950,212.9600,138755
2025-06-12 13:30:00,212.7100,212.9200,212.6815,212.8700,147702
2025-06-12 13:25:00,212.4400,212.7300,212.4300,212.7050,203886
2025-06-12 13:20:00,212.6800,212.7500,212.4400,212.4525,119487
2025-06-12 13:15:00,212.6100,212.7400,212.5500,212.6811,150365
2025-06-12 13:10:00,212.7500,212.8300,212.5401,212.6100,146804
2025-06-12 13:05:00,212.5300,212.7500,212.4300,212.7497,175410
2025-06-12 13:00:00,212.6000,212.7800,212.4101,212.5200,292038
2025-06-12 12:55:00,212.8200,212.8500,212.5104,212.5800,232057
2025-06-12 12:50:00,212.9500,212.9500,212.7500,212.8200,216414
2025-06-12 12:45:00,213.2150,213.2750,212.9211,212.9600,217330
2025-06-12 12:40:00,213.2300,213.3400,213.1300,213.2150,194967
2025-06-12 12:35:00,213.0600,213.3000,212.9500,213.2000,175554
2025-06-12 12:30:00,213.3600,213.4300,212.8400,213.0550,363574
2025-06-12 12:25:00,213.0200,213.4400,212.9570,213.3799,339879
2025-06-12 12:20:00,212.7600,213.1000,212.7400,213.0200,391442
2025-06-12 12:15:00,212.7240,212.8700,212.7100,212.7601,155986
2025-06-12 12:10:00,212.5900,212.9200,212.5900,212.7200,169773
2025-06-12 12:05:00,212.2656,212.6600,212.2150,212.5898,183056
2025-06-12 12:00:00,212.5000,212.6800,212.1300,212.2300,187088
2025-06-12 11:55:00,212.3500,212.5799,212.3500,212.4948,133362
2025-06-12 11:50:00,212.3889,212.4400,212.2500,212.3650,193362
2025-06-12 11:45:00,212.6700,212.6700,212.3500,212.3834,142303
2025-06-12 11:40:00,212.4550,212.7500,212.4200,212.6900,118277
2025-06-12 11:35:00,212.3600,212.4980,212.3300,212.4300,116479
2025-06-12 11:30:00,212.5400,212.5500,212.2300,212.3600,133304
2025-06-12 11:25:00,212.4400,212.5700,212.2100,212.5303,259063
2025-06-12 11:20:00,212.6000,212.6900,212.2300,212.4700,321109
2025-06-12 11:15:00,213.0200,213.0650,212.4300,212.5900,326647
2025-06-12 11:10:00,213.0400,213.2350,212.9800,213.0300,203628
2025-06-12 11:05:00,213.3500,213.4600,212.8700,213.0400,235349
2025-06-12 11:00:00,212.8700,213.5800,212.8700,213.3700,298862
2025-06-12 10:55:00,212.9800,213.0700,212.6910,212.8500,253615
2025-06-12 10:50:00,212.9400,212.9900,212.6800,212.9750,215728
2025-06-12 10:45:00,212.8900,213.0100,212.8000,212.9400,177330
2025-06-12 10:40:00,212.8800,212.9900,212.7500,212.8900,283720
2025-06-12 10:35:00,212.8130,212.9800,212.6000,212.8700,217917
2025-06-12 10:30:00,212.8400,212.8900,212.6200,212.8323,363433
2025-06-12 10:25:00,213.0300,213.1196,212.7869,212.8300,230287
2025-06-12 10:20:00,213.0650,213.1323,212.8600,213.0370,256104
2025-06-12 10:15:00,213.1850,213.3900,213.0400,213.0600,661449
2025-06-12 10:10:00,212.9000,213.3200,212.8400,213.1750,401328
2025-06-12 10:05:00,212.5450,213.0200,212.3300,212.8872,300921
2025-06-12 10:00:00,212.5000,212.9500,212.4300,212.5301,378459
2025-06-12 09:55:00,212.7650,212.8300,212.1900,212.5400,346295
2025-06-12 09:50:00,212.9500,213.1350,212.7200,212.7550,389067
2025-06-12 09:45:00,212.4250,213.1300,212.3800,212.9550,611074
2025-06-12 09:40:00,212.0200,212.4700,211.9800,212.4600,422808
2025-06-12 09:35:00,211.7275,212.1600,211.4900,212.0300,463877
2025-06-12 09:30:00,211.7800,212.3800,211.3300,211.7200,975856
2025-06-12 09:25:00,212.4500,212.5000,211.4500,211.5400,37707
2025-06-12 09:20:00,212.5300,212.5900,212.2100,212.3900,10139
2025-06-12 09:15:00,212.4500,212.5600,212.2800,212.5200,7942
2025-06-12 09:10:00,212.5650,212.7200,212.4100,212.5050,8969
2025-06-12 09:05:00,212.5500,213.2000,212.3500,212.5400,18053
2025-06-12 09:00:00,212.3000,212.9500,212.1000,212.3400,18714
2025-06-12 08:55:00,212.4000,212.5000,212.2000,212.3700,33724
2025-06-12 08:50:00,212.3900,212.4000,212.1000,212.2400,3867
2025-06-12 08:45:00,212.4000,212.4997,212.2100,212.3900,12804
2025-06-12 08:40:00,212.3550,212.5000,212.2001,212.3800,21299
2025-06-12 08:35:00,211.9999,212.5000,205.0200,212.3450,19134
2025-06-12 08:30:00,211.6299,213.2000,211.2500,211.9975,15878
2025-06-12 08:25:00,211.6200,211.6300,211.4600,211.5500,6146
2025-06-12 08:20:00,211.4800,211.7300,211.3200,211.6000,4575
2025-06-12 08:15:00,211.6100,211.6600,211.3200,211.5290,6993
2025-06-12 08:10:00,211.4300,211.8200,211.2700,211.7100,13781
2025-06-12 08:05:00,211.4000,213.2000,211.4000,211.4594,4989
2025-06-12 08:00:00,213.0000,213.3700,211.2400,211.5100,93753
2025-06-12 07:55:00,211.6300,211.7500,211.5100,211.7500,2762
2025-06-12 07:50:00,211.8500,211.8800,211.5400,211.6600,3403
2025-06-12 07:45:00,211.9400,211.9600,211.7000,211.8700,6437
2025-06-12 07:40:00,211.8000,211.9600,211.7000,211.9600,3734
2025-06-12 07:35:00,212.1600,212.1800,211.6500,211.8000,10442
2025-06-12 07:30:00,212.1800,212.4400,212.0200,212.1800,3349
2025-06-12 07:25:00,212.3800,212.4500,212.1500,212.2900,3719
2025-06-12 07:20:00,212.4900,212.6300,212.3500,212.3900,1951
2025-06-12 07:15:00,212.6000,212.6000,212.3800,212.5000,3196
2025-06-12 07:10:00,212.7200,212.8300,212.5700,212.6200,2364
2025-06-12 07:05:00,212.7200,212.7500,212.4900,212.6300,4551
2025-06-12 07:00:00,212.8100,212.9700,212.6400,212.7300,8827
2025-06-12 06:55:00,212.8800,212.9900,212.7300,212.8900,3598
2025-06-12 06:50:00,212.7300,212.9000,212.7000,212.7900,1897
2025-06-12 06:45:00,212.6200,212.8400,212.5600,212.8200,3503
2025-06-12 06:40:00,212.3000,212.6400,212.3000,212.4900,2273
2025-06-12 06:35:00,212.2000,212.3800,212.1800,212.3300,1221
2025-06-12 06:30:00,212.3000,212.3500,212.1800,212.2000,3900
2025-06-12 06:25:00,212.1300,212.3000,212.1300,212.2300,2029
2025-06-12 06:20:00,212.5300,212.5400,212.1200,212.1200,1462
2025-06-12 06:15:00,212.5200,212.7400,212.4500,212.5500,775
2025-06-12 06:10:00,212.4700,212.5900,212.3500,212.5000,2215
2025-06-12 06:05:00,212.4000,212.7600,212.4000,212.4900,3083
2025-06-12 06:00:00,212.5900,212.6600,212.4000,212.4800,2326
2025-06-12 05:55:00,212.5500,212.6500,212.4300,212.6500,967
2025-06-12 05:50:00,212.6500,212.6900,212.4300,212.5300,1937
2025-06-12 05:45:00,212.6200,212.8100,212.5900,212.7400,1039
2025-06-12 05:40:00,212.8400,212.8400,212.5000,212.7400,931
2025-06-12 05:35:00,212.7500,212.9500,212.6600,212.9100,4940
2025-06-12 05:30:00,212.4200,212.7100,212.4200,212.7100,4943
2025-06-12 05:25:00,212.4000,212.4800,212.2500,212.4200,5628
2025-06-12 05:20:00,212.3900,212.4500,212.2700,212.4300,1003
2025-06-12 05:15:00,212.4200,212.4800,212.3000,212.3000,1648
2025-06-12 05:10:00,212.5400,212.5600,212.4500,212.4500,669
2025-06-12 05:05:00,212.4100,212.5600,212.3200,212.5300,2595
2025-06-12 05:00:00,212.2400,212.5000,212.1600,212.3900,2703
2025-06-12 04:55:00,212.1800,212.3800,212.0300,212.1300,3055
2025-06-12 04:50:00,212.1100,212.2300,212.0100,212.1900,5086
2025-06-12 04:45:00,211.5700,212.1100,211.5700,212.0100,4501
2025-06-12 04:40:00,211.4800,211.6500,211.4800,211.5900,3337
2025-06-12 04:35:00,211.4300,211.5500,211.3300,211.4900,1028
2025-06-12 04:30:00,211.5200,211.6500,211.4300,211.5200,1889
2025-06-12 04:25:00,211.3800,211.6500,211.2700,211.6300,3630
2025-06-12 04:20:00,211.3500,211.5900,211.3000,211.4400,4390
2025-06-12 04:15:00,211.7300,211.8900,211.0500,211.2400,7610
2025-06-12 04:10:00,211.7200,211.9000,211.6400,211.7200,1694
2025-06-12 04:05:00,211.5400,211.8100,211.2300,211.6800,6588
2025-06-12 04:00:00,212.2400,212.5700,211.5000,211.5000,16241
2025-06-11 19:55:00,212.8500,212.9200,212.8000,212.8300,3967
2025-06-11 19:50:00,212.9000,213.0000,212.8000,212.8700,3026
2025-06-11 19:45:00,213.0000,213.0499,212.8750,212.9000,3489
2025-06-11 19:40:00,212.9900,213.1000,212.9000,213.0250,4618
2025-06-11 19:35:00,212.8800,213.2000,212.8000,212.9700,8304
2025-06-11 19:30:00,212.8000,212.9000,212.7700,212.8800,4141
2025-06-11 19:25:00,212.8938,212.9000,212.7500,212.7800,4102
2025-06-11 19:20:00,212.9500,212.9500,212.7100,212.8350,4239
2025-06-11 19:15:00,213.0000,213.0000,212.7500,212.9500,3980
2025-06-11 19:10:00,213.0700,213.2000,212.9000,212.9105,6836
2025-06-11 19:05:00,213.1500,213.2000,212.9000,213.0500,20753
2025-06-11 19:00:00,213.1200,213.3000,213.0500,213.0800,3018
2025-06-11 18:55:00,213.2100,213.3900,213.0500,213.1700,4464
2025-06-11 18:50:00,213.3800,213.4500,213.2100,213.2100,9052
2025-06-11 18:45:00,213.4000,213.4500,213.3500,213.3602,6384
2025-06-11 18:40:00,213.3600,213.4500,213.3000,213.4000,1390
2025-06-11 18:35:00,213.4700,213.4700,213.2950,213.3600,2780
2025-06-11 18:30:00,213.4400,213.4700,213.3700,213.4200,2563
2025-06-11 18:25:00,213.4600,213.4600,213.2700,213.4100,2522
2025-06-11 18:20:00,213.2900,213.4600,213.2702,213.4600,3181
2025-06-11 18:15:00,213.2600,213.3500,213.2000,213.3500,2681
2025-06-11 18:10:00,213.3400,213.3500,213.1000,213.2400,2873
2025-06-11 18:05:00,213.2500,213.3800,213.0500,213.2600,3291
2025-06-11 18:00:00,213.2700,213.3884,213.0300,213.1700,13783
2025-06-11 17:55:00,213.2750,213.3900,213.2500,213.3200,8295
2025-06-11 17:50:00,213.2900,213.3000,213.2500,213.2999,3373
2025-06-11 17:45:00,213.1750,213.3000,213.1500,213.2900,5600
2025-06-11 17:40:00,213.1650,213.2100,213.1400,213.1534,1976
2025-06-11 17:35:00,213.1400,213.2000,213.1400,213.1900,5355
2025-06-11 17:30:00,213.1400,213.2000,213.1200,213.1600,3317
2025-06-11 17:25:00,213.2000,213.2000,213.1400,213.2000,7408
2025-06-11 17:20:00,213.2800,213.3000,213.2000,213.2000,3492
2025-06-11 17:15:00,213.2800,213.3000,213.2500,213.2600,4261
2025-06-11 17:10:00,213.2700,213.2900,213.2500,213.2700,2842
2025-06-11 17:05:00,213.3000,213.3000,213.1500,213.2700,5277
2025-06-11 17:00:00,213.2400,213.3000,199.6592,213.2600,2528
2025-06-11 16:55:00,213.2650,216.9609,199.6592,213.2000,6150
2025-06-11 16:50:00,213.1150,213.3100,200.4252,213.2983,9596
2025-06-11 16:45:00,213.1500,213.2800,200.0461,213.1700,38899
2025-06-11 16:40:00,213.1500,213.2000,200.6354,213.1300,6159
2025-06-11 16:35:00,213.1800,213.2500,213.0600,213.1000,185095
2025-06-11 16:30:00,213.3800,213.4600,213.0600,213.1400,14201
2025-06-11 16:25:00,213.2500,213.4700,213.2100,213.3800,13293
2025-06-11 16:20:00,213.2000,213.4700,213.2000,213.2900,77071
2025-06-11 16:15:00,213.2200,213.4700,213.2000,213.4500,11569
2025-06-11 16:10:00,213.2350,213.3000,213.2000,213.2200,114974
2025-06-11 16:05:00,213.1600,213.3000,213.1100,213.2350,657781
2025-06-11 16:00:00,213.1710,213.4100,213.1200,213.2100,10194235
2025-06-11 15:55:00,213.3200,213.6200,213.0400,213.1710,2025143
2025-06-11 15:50:00,213.2900,213.5700,213.1900,213.3100,803588
2025-06-11 15:45:00,213.4250,213.6100,213.2500,213.2900,654493
2025-06-11 15:40:00,213.3400,213.4600,213.1601,213.4200,342874
2025-06-11 15:35:00,213.0900,213.3700,213.0500,213.3417,431707
2025-06-11 15:30:00,213.2300,213.5000,213.0400,213.1000,330202
2025-06-11 15:25:00,213.1700,213.6500,213.0800,213.2100,593581
2025-06-11 15:20:00,213.0200,213.2860,212.9400,213.1700,376428
2025-06-11 15:15:00,213.2500,213.2800,212.9200,213.0300,322238
2025-06-11 15:10:00,213.1690,213.3150,213.0400,213.2710,274941
2025-06-11 15:05:00,213.4700,213.4700,213.0500,213.1700,328502
2025-06-11 15:00:00,213.4300,213.5900,213.1800,213.4900,416261
2025-06-11 14:55:00,213.6827,213.6827,213.3250,213.4101,303154
2025-06-11 14:50:00,213.9200,213.9600,213.6900,213.7000,359193
2025-06-11 14:45:00,214.1555,214.2500,213.8900,213.9250,307008
2025-06-11 14:40:00,213.7000,214.1800,213.6000,214.1700,380060
2025-06-11 14:35:00,213.7500,213.8900,213.5400,213.7000,347155
2025-06-11 14:30:00,213.4100,213.9396,213.1491,213.7500,394199
2025-06-11 14:25:00,213.5900,213.7241,213.2000,213.4200,253228
2025-06-11 14:20:00,213.2900,213.6702,213.1700,213.5700,358551
2025-06-11 14:15:00,213.3100,213.4200,212.8900,213.3200,557553
2025-06-11 14:10:00,213.8300,213.8400,213.3200,213.3200,393847
2025-06-11 14:05:00,213.4300,213.9700,213.3900,213.8500,346186
2025-06-11 14:00:00,214.2600,214.2900,213.2200,213.4600,869701
2025-06-11 13:55:00,214.5400,214.5800,214.0800,214.2600,440304
2025-06-11 13:50:00,214.5650,214.7600,214.3900,214.5248,279949
2025-06-11 13:45:00,215.1900,215.1916,214.5000,214.5600,443264
2025-06-11 13:40:00,215.0500,215.2699,214.9800,215.1900,319790
2025-06-11 13:35:00,215.4700,215.5004,215.0000,215.0500,304088
2025-06-11 13:30:00,215.8250,215.8919,215.4400,215.4750,238045
2025-06-11 13:25:00,215.7750,215.9200,215.7100,215.8100,270446
2025-06-11 13:20:00,215.7700,215.8153,215.7360,215.7800,101278
2025-06-11 13:15:00,215.7292,215.8700,215.6000,215.7600,135173
2025-06-11 13:10:00,215.8800,215.9721,215.6902,215.7200,140174
2025-06-11 13:05:00,215.7600,215.8926,215.6300,215.8926,208319
2025-06-11 13:00:00,215.3700,215.7600,215.1800,215.7500,222953
2025-06-11 12:55:00,215.3400,215.4000,215.2207,215.3730,125117
2025-06-11 12:50:00,215.4200,215.6000,215.2800,215.3300,185816
2025-06-11 12:45:00,215.1300,215.4999,215.0900,215.4108,312908
2025-06-11 12:40:00,215.3674,215.3862,215.0000,215.1300,281279
2025-06-11 12:35:00,215.4600,215.5000,215.3000,215.3700,151253
2025-06-11 12:30:00,215.6200,215.6800,215.3401,215.4792,186116
2025-06-11 12:25:00,215.2461,215.7350,215.1400,215.6100,361395
2025-06-11 12:20:00,215.4100,215.4500,215.0500,215.2400,703457
2025-06-11 12:15:00,215.7500,215.8500,215.3100,215.4200,319493
2025-06-11 12:10:00,215.9650,215.9800,215.4600,215.7530,307864
2025-06-11 12:05:00,216.1850,216.1850,215.7800,215.9701,372698
2025-06-11 12:00:00,216.5100,216.5800,216.0800,216.1787,272371
2025-06-11 11:55:00,216.7600,216.7600,216.4400,216.5000,197538
2025-06-11 11:50:00,216.7350,216.7800,216.5400,216.7800,173792
2025-06-11 11:45:00,216.5900,216.8900,216.5500,216.7200,228453
2025-06-11 11:40:00,216.8400,216.9400,216.5650,216.5850,207291
2025-06-11 11:35:00,216.7500,217.0250,216.7200,216.8200,182413
2025-06-11 11:30:00,216.6300,216.7700,216.5000,216.7700,208107
2025-06-11 11:25:00,217.0550,217.1000,216.5600,216.6150,175912
2025-06-11 11:20:00,216.6900,217.1500,216.6600,217.0600,242908
2025-06-11 11:15:00,216.7170,216.9400,216.6100,216.7100,205388
2025-06-11 11:10:00,216.3800,216.8100,216.2501,216.7100,316164
2025-06-11 11:05:00,216.8500,216.8600,216.3710,216.4000,348178
2025-06-11 11:00:00,216.8900,217.0400,216.7100,216.8500,232893
2025-06-11 10:55:00,217.0100,217.0900,216.8200,216.8700,259845
2025-06-11 10:50:00,217.1450,217.3600,216.9662,217.0000,326899
2025-06-11 10:45:00,217.3800,217.3800,217.0200,217.1500,463963
2025-06-11 10:40:00,217.3700,217.5200,217.1500,217.3700,458712
2025-06-11 10:35:00,217.4400,217.6700,217.3500,217.3750,326091
2025-06-11 10:30:00,217.5900,217.6000,217.2900,217.4200,348790
2025-06-11 10:25:00,217.2700,217.6100,217.2196,217.5925,409034
2025-06-11 10:20:00,217.3300,217.4100,217.1500,217.3003,412490
2025-06-11 10:15:00,217.2400,217.4200,217.0500,217.3495,330579
2025-06-11 10:10:00,216.6150,217.3500,216.4800,217.2694,511769
2025-06-11 10:05:00,216.8800,216.9800,216.5924,216.6200,342429
2025-06-11 10:00:00,217.4000,217.5800,216.7801,216.8700,423657
2025-06-11 09:55:00,217.2800,217.6300,217.1450,217.4050,467366
2025-06-11 09:50:00,216.5750,217.4500,216.4900,217.3000,627787
2025-06-11 09:45:00,216.9400,216.9800,216.1900,216.5717,774591
2025-06-11 09:40:00,217.8000,217.8000,216.9500,216.9500,627499
2025-06-11 09:35:00,217.5606,217.9800,217.2800,217.8200,563935
2025-06-11 09:30:00,217.4100,218.4000,216.9600,217.5550,1469100
2025-06-11 09:25:00,217.6800,217.8500,216.5900,217.4100,23631
2025-06-11 09:20:00,217.8500,217.9900,217.6800,217.6800,15413
2025-06-11 09:15:00,217.7300,217.9800,217.7000,217.8900,10884
2025-06-11 09:10:00,217.8001,218.0000,217.6200,217.7100,14116
2025-06-11 09:05:00,217.7370,218.0000,217.5100,217.8700,13448
2025-06-11 09:00:00,217.9600,218.2600,217.2000,217.7370,44695
2025-06-11 08:55:00,218.1000,218.3000,217.9900,218.0000,25062
2025-06-11 08:50:00,218.1750,218.3000,217.8500,218.0970,33340
2025-06-11 08:45:00,218.6100,218.6500,218.0800,218.1037,20190
2025-06-11 08:40:00,218.8200,219.1600,218.3500,218.4600,40274
2025-06-11 08:35:00,218.6600,218.9700,218.5000,218.8201,65312
2025-06-11 08:30:00,217.4200,219.1200,217.3830,218.5900,83864
2025-06-11 08:25:00,217.3000,217.5000,217.2000,217.4100,4839
2025-06-11 08:20:00,217.3400,217.5000,217.0500,217.3800,10499
2025-06-11 08:15:00,217.5000,217.7200,217.0600,217.3500,11457
2025-06-11 08:10:00,217.5000,217.7500,217.3300,217.5700,11432
2025-06-11 08:05:00,217.3800,217.9800,216.8400,217.5800,28793
2025-06-11 08:00:00,216.9735,218.4500,216.3000,217.9000,90255
2025-06-11 07:55:00,216.8600,216.8900,216.8200,216.8400,3053
2025-06-11 07:50:00,216.8200,216.9100,216.7400,216.8500,2533
2025-06-11 07:45:00,216.8300,216.8900,216.7000,216.8200,6388
2025-06-11 07:40:00,216.7900,216.8900,216.7700,216.8400,957
2025-06-11 07:35:00,216.7500,216.8200,216.7100,216.7500,1158
2025-06-11 07:30:00,216.7300,216.8500,216.6900,216.7300,4220
2025-06-11 07:25:00,216.6300,216.7500,216.5800,216.6500,1426
2025-06-11 07:20:00,216.4300,216.6800,216.3100,216.6800,3799
2025-06-11 07:15:00,216.6500,216.6600,216.3600,216.4900,6827
2025-06-11 07:10:00,216.8100,216.8400,216.6800,216.6800,3540
2025-06-11 07:05:00,216.7100,216.8400,216.6500,216.8400,2575
2025-06-11 07:00:00,216.7600,216.8200,216.6400,216.6600,3853
2025-06-11 06:55:00,216.7800,216.7800,216.6500,216.7000,2711
2025-06-11 06:50:00,216.7900,216.7900,216.7300,216.7800,1099
2025-06-11 06:45:00,216.7200,216.8000,216.6500,216.7900,934
2025-06-11 06:40:00,216.7400,216.8200,216.5300,216.7400,4524
2025-06-11 06:35:00,216.8500,216.8700,216.7500,216.7800,2073
2025-06-11 06:30:00,216.7800,216.8700,216.7800,216.8400,809
2025-06-11 06:25:00,216.6900,216.8000,216.6900,216.7800,1590
2025-06-11 06:20:00,216.7600,216.7800,216.6600,216.6600,1616
2025-06-11 06:15:00,216.8900,216.9300,216.7500,216.7500,2823
2025-06-11 06:10:00,216.9800,216.9800,216.8600,216.9000,323
2025-06-11 06:05:00,216.8000,217.0000,216.7300,216.9100,2412
2025-06-11 06:00:00,216.8600,216.8600,216.7300,216.8100,2899
2025-06-11 05:55:00,216.8900,216.9200,216.8300,216.8300,483
2025-06-11 05:50:00,217.1400,217.1500,216.8600,216.8900,5364
2025-06-11 05:45:00,217.1500,217.2200,217.1400,217.1500,50
2025-06-11 05:40:00,217.1600,217.2200,217.1400,217.1600,943
2025-06-11 05:35:00,217.2400,217.2900,217.1600,217.2500,2226
2025-06-11 05:30:00,217.3000,217.3300,217.2000,217.2000,1074
2025-06-11 05:25:00,217.3200,217.3500,217.2400,217.3000,355
2025-06-11 05:20:00,217.2700,217.3300,217.2100,217.3300,398
2025-06-11 05:15:00,217.1900,217.3000,217.1800,217.1900,653
2025-06-11 05:10:00,217.2100,217.3200,217.2000,217.2000,731
2025-06-11 05:05:00,217.2100,217.3300,217.2000,217.2000,1159
2025-06-11 05:00:00,217.2800,217.3300,217.0800,217.2000,1894
2025-06-11 04:55:00,217.2400,217.3500,217.2100,217.2900,2005
2025-06-11 04:50:00,217.1200,217.2100,217.1100,217.2100,625
2025-06-11 04:45:00,217.1100,217.1200,217.0600,217.1200,738
2025-06-11 04:40:00,217.2300,217.2600,217.0500,217.0500,2233
2025-06-11 04:35:00,217.1400,217.2800,217.1300,217.2600,1824
2025-06-11 04:30:00,216.9600,217.1400,216.9200,217.1400,2221
2025-06-11 04:25:00,216.9600,217.0900,216.9600,216.9600,1241
2025-06-11 04:20:00,216.9600,217.0200,216.9500,216.9700,925
2025-06-11 04:15:00,217.0000,217.0300,216.9000,216.9500,2226
2025-06-11 04:10:00,216.9600,217.0000,216.9000,217.0000,3333
2025-06-11 04:05:00,217.1300,217.1600,216.8800,216.9600,7080
2025-06-11 04:00:00,217.4800,217.4800,216.7900,217.1200,8339
2025-06-10 19:55:00,217.5500,217.7000,217.4000,217.6960,4761
2025-06-10 19:50:00,217.4000,217.6100,217.4000,217.5500,4994
2025-06-10 19:45:00,217.5103,217.6000,217.4000,217.4900,2777
2025-06-10 19:40:00,217.4000,217.5642,217.3000,217.4850,2867
2025-06-10 19:35:00,217.6500,217.6900,217.2500,217.4000,3071
2025-06-10 19:30:00,217.7499,217.8000,217.6100,217.6550,4783
2025-06-10 19:25:00,217.7000,217.7500,217.6000,217.7500,2974
2025-06-10 19:20:00,217.7550,217.9000,217.6100,217.7050,2647
2025-06-10 19:15:00,217.7400,217.9800,217.5200,217.9000,6371
2025-06-10 19:10:00,217.2902,217.7400,217.1200,217.5300,2114
2025-06-10 19:05:00,217.5100,217.5100,216.8700,217.2100,2549
2025-06-10 19:00:00,217.5500,217.7000,217.3100,217.5000,1140
2025-06-10 18:55:00,217.5750,217.8000,217.4000,217.5500,1814
2025-06-10 18:50:00,217.3500,217.7500,217.3200,217.3300,8502
2025-06-10 18:45:00,217.3500,217.4000,217.3500,217.3500,1462
2025-06-10 18:40:00,217.4000,217.4000,217.3200,217.3750,1075
2025-06-10 18:35:00,217.3800,217.4400,217.3200,217.4000,1059
2025-06-10 18:30:00,217.3700,217.4400,217.3200,217.3800,1603
2025-06-10 18:25:00,217.3750,217.4400,217.3700,217.4100,1780
2025-06-10 18:20:00,217.4100,217.4400,217.3300,217.3300,878
2025-06-10 18:15:00,217.3800,217.4400,217.3200,217.3300,751
2025-06-10 18:10:00,217.4198,217.4500,217.3300,217.3300,1770
2025-06-10 18:05:00,217.3900,217.4500,217.3900,217.4050,1331
2025-06-10 18:00:00,217.3425,217.4500,217.3000,217.4200,1360
2025-06-10 17:55:00,217.3500,217.4462,199.0000,217.3425,832
2025-06-10 17:50:00,217.3000,217.4500,217.3000,217.3700,697
2025-06-10 17:45:00,217.3500,217.4462,217.3000,217.4000,1581
2025-06-10 17:40:00,217.3000,217.4000,217.3000,217.3500,1501
2025-06-10 17:35:00,217.4000,217.4500,217.3000,217.3600,428
2025-06-10 17:30:00,217.4500,217.4500,217.3000,217.3750,992
2025-06-10 17:25:00,217.3350,217.4500,217.3000,217.3750,1250
2025-06-10 17:20:00,217.4100,217.4350,217.3000,217.4200,3689
2025-06-10 17:15:00,217.3500,217.4422,217.3000,217.3750,1610
2025-06-10 17:10:00,217.3450,217.3900,26.9700,217.3300,1192
2025-06-10 17:05:00,217.2700,227.9304,206.5240,217.2700,1660
2025-06-10 17:00:00,217.1700,227.9304,205.4627,217.2950,6676
2025-06-10 16:55:00,217.1000,217.3000,205.4627,217.2500,2237
2025-06-10 16:50:00,217.3600,221.3652,217.1000,217.2000,2285
2025-06-10 16:45:00,217.2900,227.9304,206.5240,217.3100,8883
2025-06-10 16:40:00,217.3000,217.4900,217.0200,217.3800,1660
2025-06-10 16:35:00,217.1800,217.4000,217.0200,217.4000,16440
2025-06-10 16:30:00,217.1600,217.1900,217.0200,217.1200,2680
2025-06-10 16:25:00,217.4700,217.5800,217.1000,217.1600,9184
2025-06-10 16:20:00,217.4000,217.6100,217.4000,217.4900,3679
2025-06-10 16:15:00,217.4350,217.6100,217.3500,217.4100,6939
2025-06-10 16:10:00,217.4400,217.6100,217.3000,217.4400,19961
2025-06-10 16:05:00,217.5000,217.6100,217.4300,217.5100,23422
2025-06-10 16:00:00,217.5690,218.0000,217.3800,217.5400,8099893
2025-06-10 15:55:00,217.1600,217.6900,217.1500,217.5690,1222356
2025-06-10 15:50:00,217.0000,217.2300,216.9000,217.1500,628233
2025-06-10 15:45:00,217.0300,217.0300,216.7900,216.9900,355462
2025-06-10 15:40:00,216.9587,217.1000,216.8200,217.0484,411011
2025-06-10 15:35:00,216.9100,217.0350,216.8000,216.9600,317177
2025-06-10 15:30:00,216.9300,216.9982,216.8350,216.9050,281323
2025-06-10 15:25:00,216.9590,217.0568,216.8714,216.9400,237347
2025-06-10 15:20:00,216.7700,217.0000,216.7400,216.9500,260351
2025-06-10 15:15:00,216.9400,216.9700,216.5700,216.7650,448997
2025-06-10 15:10:00,217.0499,217.0900,216.8700,216.9450,260856
2025-06-10 15:05:00,216.6849,217.0500,216.6500,217.0400,337683
2025-06-10 15:00:00,216.5700,216.7500,216.4600,216.6607,319605
2025-06-10 14:55:00,216.3825,216.7400,216.2800,216.5850,596043
2025-06-10 14:50:00,216.1500,216.3900,216.0700,216.3700,214445
2025-06-10 14:45:00,216.0800,216.1700,216.0061,216.1450,156863
2025-06-10 14:40:00,216.0700,216.1550,216.0500,216.0900,165744
2025-06-10 14:35:00,215.9596,216.2100,215.9500,216.0668,219355
2025-06-10 14:30:00,215.7700,215.9500,215.7200,215.9500,150270
2025-06-10 14:25:00,215.9600,215.9971,215.7600,215.7800,483038
2025-06-10 14:20:00,216.0400,216.0600,215.9000,215.9656,137357
2025-06-10 14:15:00,215.9400,216.0700,215.9100,216.0400,137113
2025-06-10 14:10:00,215.9000,215.9600,215.7800,215.9500,95006
2025-06-10 14:05:00,215.8125,215.9800,215.7100,215.8900,167033
2025-06-10 14:00:00,215.9500,215.9500,215.4450,215.8150,309410
2025-06-10 13:55:00,215.9500,216.0900,215.9200,215.9500,165585
2025-06-10 13:50:00,215.9725,216.0000,215.8500,215.9700,122505
2025-06-10 13:45:00,215.9540,215.9800,215.8700,215.9600,129133
2025-06-10 13:40:00,216.0200,216.0600,215.8750,215.9650,197107
2025-06-10 13:35:00,216.3000,216.3699,216.0100,216.0150,194370
2025-06-10 13:30:00,216.2100,216.3300,216.1500,216.2971,183753
2025-06-10 13:25:00,216.4500,216.4848,216.1600,216.2100,184601
2025-06-10 13:20:00,216.4600,216.6020,216.4150,216.4400,152588
2025-06-10 13:15:00,216.7900,216.8000,216.4100,216.4503,207000
2025-06-10 13:10:00,216.4300,216.8700,216.3100,216.7850,583673
2025-06-10 13:05:00,216.3700,216.4500,216.3200,216.4499,166757
2025-06-10 13:00:00,216.3700,216.5400,216.1800,216.4000,275502
2025-06-10 12:55:00,216.3650,216.4100,216.2500,216.3700,153313
2025-06-10 12:50:00,216.4000,216.4700,216.3201,216.3700,193562
2025-06-10 12:45:00,216.2686,216.4399,216.2200,216.3900,192865
2025-06-10 12:40:00,216.2650,216.3600,216.1700,216.2744,120862
2025-06-10 12:35:00,216.1600,216.3100,216.1600,216.2884,142094
2025-06-10 12:30:00,216.1400,216.3449,216.0200,216.1698,330313
2025-06-10 12:25:00,215.9800,216.2500,215.9100,216.1288,156897
2025-06-10 12:20:00,215.9900,216.1000,215.9200,215.9800,179840
2025-06-10 12:15:00,215.9450,216.0800,215.8000,215.9600,305194
2025-06-10 12:10:00,216.0900,216.0900,215.8650,215.9570,173005
2025-06-10 12:05:00,216.1400,216.4100,216.0100,216.0700,295989
2025-06-10 12:00:00,215.8500,216.2700,215.7600,216.1200,329591
2025-06-10 11:55:00,215.8550,215.9750,215.7900,215.8600,300671
2025-06-10 11:50:00,215.5700,215.9270,215.5700,215.8550,274328
2025-06-10 11:45:00,215.3350,215.6400,215.2500,215.5804,228676
2025-06-10 11:40:00,215.1900,215.3700,215.0400,215.3300,452418
2025-06-10 11:35:00,214.4671,215.2100,214.4000,215.2000,434226
2025-06-10 11:30:00,215.6100,215.6100,214.1500,214.4700,828757
2025-06-10 11:25:00,215.6350,215.7700,215.5300,215.6226,182975
2025-06-10 11:20:00,215.9700,215.9841,215.6100,215.6446,238320
2025-06-10 11:15:00,215.7100,215.9900,215.6860,215.9900,204659
2025-06-10 11:10:00,215.5800,215.8100,215.5300,215.7000,201295
2025-06-10 11:05:00,215.6900,215.9952,215.5000,215.5900,294589
2025-06-10 11:00:00,215.7500,215.8500,215.5000,215.6800,337712
2025-06-10 10:55:00,216.1200,216.1599,215.5200,215.7400,548582
2025-06-10 10:50:00,216.5816,216.5816,215.9500,216.1300,344393
2025-06-10 10:45:00,216.4800,216.6000,216.3450,216.5800,214592
2025-06-10 10:40:00,216.2554,216.5200,216.1300,216.4750,285995
2025-06-10 10:35:00,216.6000,216.7000,216.2100,216.2700,263586
2025-06-10 10:30:00,216.3100,216.7500,216.3100,216.5850,304422
2025-06-10 10:25:00,216.4000,216.4644,216.2300,216.3200,287124
2025-06-10 10:20:00,216.6900,216.8300,216.3300,216.4138,246890
2025-06-10 10:15:00,216.5700,216.9000,216.5614,216.7000,291690
2025-06-10 10:10:00,216.3701,216.7600,216.3400,216.5985,413595
2025-06-10 10:05:00,216.2000,216.4900,216.0850,216.3900,269660
2025-06-10 10:00:00,216.2400,216.6400,216.0300,216.1777,509144
2025-06-10 09:55:00,216.0974,216.4650,215.9500,216.2400,555309
2025-06-10 09:50:00,216.8650,217.0799,216.0116,216.0700,568176
2025-06-10 09:45:00,216.7395,217.5200,216.7300,216.8710,583384
2025-06-10 09:40:00,217.1900,217.2500,216.3800,216.7250,546141
2025-06-10 09:35:00,216.8100,217.5700,216.4300,217.2200,808451
2025-06-10 09:30:00,216.7800,217.0799,216.2290,216.8280,1778479
2025-06-10 09:25:00,217.2600,217.2600,215.7900,216.5800,143461
2025-06-10 09:20:00,217.2250,217.2900,217.1700,217.2400,5177
2025-06-10 09:15:00,217.2100,217.2900,217.1600,217.2200,7466
2025-06-10 09:10:00,217.2900,217.2900,217.1700,217.2000,5929
2025-06-10 09:05:00,217.1700,217.2900,215.2150,217.2000,7558
2025-06-10 09:00:00,217.1800,217.2400,217.1700,217.1700,7702
2025-06-10 08:55:00,217.2050,217.2300,217.1700,217.1993,9519
2025-06-10 08:50:00,217.2700,217.2900,217.1600,217.2299,15980
2025-06-10 08:45:00,217.1500,217.2700,217.1014,217.2400,5833
2025-06-10 08:40:00,217.1400,217.2100,217.0500,217.1500,5241
2025-06-10 08:35:00,217.1200,217.1600,217.0000,217.1200,8253
2025-06-10 08:30:00,217.2400,217.2900,217.1000,217.1150,10708
2025-06-10 08:25:00,217.2650,217.4000,217.2300,217.2900,6576
2025-06-10 08:20:00,217.2700,217.4000,217.2300,217.2307,11463
2025-06-10 08:15:00,217.2782,217.3000,216.9800,217.2700,5310
2025-06-10 08:10:00,217.1796,217.3000,216.9800,217.2800,11825
2025-06-10 08:05:00,217.2000,217.2200,216.9800,217.1800,6955
2025-06-10 08:00:00,217.0530,218.7800,215.9800,217.1999,125442
2025-06-10 07:55:00,216.9000,217.0500,216.8100,217.0100,2469
2025-06-10 07:50:00,216.8800,217.0200,216.8500,216.8900,3964
2025-06-10 07:45:00,216.8600,216.9300,216.7900,216.9000,2558
2025-06-10 07:40:00,216.8300,216.9600,216.8300,216.8500,3275
2025-06-10 07:35:00,216.9300,216.9600,216.7900,216.8500,3600
2025-06-10 07:30:00,216.6900,217.0000,216.6200,216.9700,8959
2025-06-10 07:25:00,216.6300,216.8300,216.6000,216.6600,2265
2025-06-10 07:20:00,216.6000,216.6700,216.6000,216.6300,4431
2025-06-10 07:15:00,216.4000,216.7100,216.3200,216.5500,4693
2025-06-10 07:10:00,216.4600,216.5900,216.2600,216.3000,3537
2025-06-10 07:05:00,216.9500,216.9900,216.1500,216.3700,13750
2025-06-10 07:00:00,216.9300,217.1000,216.8000,216.9500,10072
2025-06-10 06:55:00,216.8700,216.9900,216.7600,216.8700,5657
2025-06-10 06:50:00,216.4000,216.8800,216.3700,216.8600,13651
2025-06-10 06:45:00,216.6900,216.7000,216.4000,216.4000,4718
2025-06-10 06:40:00,216.8500,216.9200,216.6400,216.6400,3462
2025-06-10 06:35:00,216.9400,216.9800,216.8500,216.9000,1332
2025-06-10 06:30:00,217.0100,217.0200,216.9000,216.9500,887
2025-06-10 06:25:00,217.1200,217.1400,217.0100,217.0100,1101
2025-06-10 06:20:00,217.1600,217.1700,217.0800,217.1300,1523
2025-06-10 06:15:00,217.2200,217.2900,217.1500,217.1500,2848
2025-06-10 06:10:00,217.3300,217.3500,217.2300,217.2300,2702
2025-06-10 06:05:00,217.1500,217.3300,217.1500,217.3300,1665
2025-06-10 06:00:00,217.0800,217.1800,217.0600,217.1100,1760
2025-06-10 05:55:00,216.9700,217.0600,216.9700,217.0300,673
2025-06-10 05:50:00,217.0200,217.0500,216.9700,216.9700,517
2025-06-10 05:45:00,217.0500,217.0600,217.0000,217.0300,1355
2025-06-10 05:40:00,217.0900,217.1100,217.0000,217.0000,888
2025-06-10 05:35:00,217.0300,217.1000,217.0000,217.0900,2249
2025-06-10 05:30:00,217.0100,217.0800,216.9900,216.9900,1761
2025-06-10 05:25:00,216.9800,217.0500,216.9200,217.0500,1760
2025-06-10 05:20:00,217.0500,217.1000,216.9400,216.9600,2500
2025-06-10 05:15:00,217.0000,217.0900,216.8900,217.0700,2020
2025-06-10 05:10:00,216.9300,217.1000,216.9200,216.9900,3587
2025-06-10 05:05:00,216.8400,216.9900,216.8400,216.9900,1078
2025-06-10 05:00:00,216.8200,216.9400,216.6800,216.8600,3981
2025-06-10 04:55:00,216.7800,216.9600,216.7700,216.8300,3439
2025-06-10 04:50:00,216.8000,216.9500,216.7600,216.7700,10125
2025-06-10 04:45:00,216.7600,216.8000,216.6600,216.7500,1598
2025-06-10 04:40:00,216.7000,216.7900,216.6400,216.7500,1468
2025-06-10 04:35:00,216.7500,216.8000,216.6600,216.7000,2265
2025-06-10 04:30:00,216.6800,216.7800,216.6000,216.7200,3050
2025-06-10 04:25:00,216.8900,216.9200,216.6300,216.7400,1690
2025-06-10 04:20:00,216.7200,216.9200,216.6000,216.8900,2813
2025-06-10 04:15:00,216.4700,216.8400,216.4500,216.7000,2766
2025-06-10 04:10:00,217.1800,217.2400,216.4300,216.4500,11607
2025-06-10 04:05:00,216.8500,217.1700,216.7200,217.1600,15493
2025-06-10 04:00:00,217.7000,218.0000,216.7400,216.8000,8299
2025-06-09 19:55:00,217.4800,217.5700,217.3000,217.4100,3441
2025-06-09 19:50:00,217.5001,217.6800,217.4500,217.4500,3438
2025-06-09 19:45:00,217.5000,217.6900,217.3000,217.5900,6542
2025-06-09 19:40:00,217.4850,217.7000,217.3500,217.5600,2045
2025-06-09 19:35:00,217.3500,217.5750,217.3250,217.5000,3728
2025-06-09 19:30:00,217.3500,217.3500,217.2501,217.3000,5553
2025-06-09 19:25:00,217.2600,217.3500,217.2200,217.3500,2343
2025-06-09 19:20:00,217.2300,217.2700,217.2012,217.2500,1321
2025-06-09 19:15:00,217.2100,217.2700,217.1500,217.2000,841
2025-06-09 19:10:00,217.2000,217.2900,217.1200,217.1950,2881
2025-06-09 19:05:00,217.1550,217.3000,217.1100,217.2600,3517
2025-06-09 19:00:00,217.0300,217.2000,217.0100,217.1900,3333
2025-06-09 18:55:00,217.0800,217.2000,217.0100,217.2000,1565
2025-06-09 18:50:00,217.0212,217.1600,217.0200,217.0800,818
2025-06-09 18:45:00,217.0460,217.2000,217.0000,217.1400,5223
2025-06-09 18:40:00,217.2000,217.2000,217.0000,217.0300,1692
2025-06-09 18:35:00,217.0400,217.2000,217.0000,217.2000,2524
2025-06-09 18:30:00,217.1800,217.2400,217.0395,217.0400,2806
2025-06-09 18:25:00,217.1700,217.2400,217.1500,217.1800,1132
2025-06-09 18:20:00,217.2000,217.2400,217.1500,217.1700,500
2025-06-09 18:15:00,217.1517,217.3000,217.1500,217.1900,1602
2025-06-09 18:10:00,217.1500,217.2900,217.1500,217.1800,3002
2025-06-09 18:05:00,217.2200,217.3300,217.1500,217.3300,3016
2025-06-09 18:00:00,217.1900,217.3300,217.1500,217.3300,1599
2025-06-09 17:55:00,217.1900,217.2000,217.1400,217.1500,3314
2025-06-09 17:50:00,217.1550,217.2400,217.1000,217.1750,1563
2025-06-09 17:45:00,217.2000,217.2100,217.1000,217.1000,2015
2025-06-09 17:40:00,217.1500,217.2000,217.0500,217.2000,2853
2025-06-09 17:35:00,217.1400,217.1500,217.0500,217.1500,2216
2025-06-09 17:30:00,217.0600,217.1473,217.0200,217.0400,1155
2025-06-09 17:25:00,217.0300,217.1000,217.0200,217.0600,4508
2025-06-09 17:20:00,217.0200,217.0900,217.0000,217.0900,4413
2025-06-09 17:15:00,217.1450,217.2000,217.0100,217.0100,7496
2025-06-09 17:10:00,217.0800,230.8030,204.0592,217.1800,4539
2025-06-09 17:05:00,217.1000,217.1800,204.7554,217.1000,3319
2025-06-09 17:00:00,217.1100,217.2000,206.5961,217.1000,4195
2025-06-09 16:55:00,217.0700,217.2100,201.8592,217.0100,56353
2025-06-09 16:50:00,217.0600,217.2100,201.8313,217.1000,24636
2025-06-09 16:45:00,216.9400,217.1000,216.9200,217.0800,5440
2025-06-09 16:40:00,216.9900,216.9900,216.9200,216.9400,753
2025-06-09 16:35:00,216.9600,216.9900,216.9200,216.9550,9289
2025-06-09 16:30:00,216.8600,216.9800,216.8600,216.9200,5300
2025-06-09 16:25:00,216.9800,216.9800,216.8600,216.9300,84707
2025-06-09 16:20:00,216.7750,216.9800,216.7000,216.8900,211553
2025-06-09 16:15:00,216.8100,216.9800,216.3672,216.8000,24336
2025-06-09 16:10:00,216.9100,216.9400,216.7500,216.8400,8159
2025-06-09 16:05:00,216.8600,216.9800,216.8500,216.8700,79984
2025-06-09 16:00:00,216.9200,217.0900,216.8000,216.8500,9891143
2025-06-09 15:55:00,216.9800,217.3200,216.8400,216.9200,1756049
2025-06-09 15:50:00,217.5000,217.8000,216.9500,216.9800,906980
2025-06-09 15:45:00,217.3450,217.5650,217.2100,217.4700,408935
2025-06-09 15:40:00,217.4450,217.5000,217.2400,217.3401,869595
2025-06-09 15:35:00,217.3700,217.5800,217.3150,217.4450,424191
2025-06-09 15:30:00,217.2100,217.3800,217.1000,217.3750,294806
2025-06-09 15:25:00,217.0900,217.2900,217.0600,217.2200,236113
2025-06-09 15:20:00,217.1200,217.1500,217.0100,217.1000,248590
2025-06-09 15:15:00,217.2498,217.2500,217.0400,217.1199,283249
2025-06-09 15:10:00,217.3900,217.5700,217.1500,217.2500,257473
2025-06-09 15:05:00,217.6200,217.7000,217.3100,217.3888,408385
2025-06-09 15:00:00,217.5450,217.8500,217.5202,217.6100,424741
2025-06-09 14:55:00,217.2500,217.5650,217.1900,217.5450,236182
2025-06-09 14:50:00,217.2700,217.2900,217.1650,217.2500,149490
2025-06-09 14:45:00,217.0716,217.3298,217.0100,217.2500,237201
2025-06-09 14:40:00,216.7500,217.0800,216.6700,217.0750,287554
2025-06-09 14:35:00,216.9450,216.9974,216.7000,216.7600,236170
2025-06-09 14:30:00,217.1100,217.1600,216.9402,216.9402,171747
2025-06-09 14:25:00,217.0400,217.2400,216.9850,217.1200,178002
2025-06-09 14:20:00,217.0100,217.1500,216.9600,217.0397,215931
2025-06-09 14:15:00,217.1600,217.3600,216.9300,217.0100,244089
2025-06-09 14:10:00,217.2600,217.3096,217.1350,217.1593,190211
2025-06-09 14:05:00,217.3000,217.3900,217.2100,217.2550,190618
2025-06-09 14:00:00,217.5100,217.8466,217.2500,217.3000,386122
2025-06-09 13:55:00,217.3850,217.6900,217.2500,217.5250,384728
2025-06-09 13:50:00,217.4000,217.6200,217.2800,217.3858,245899
2025-06-09 13:45:00,217.4000,217.6100,217.3600,217.4100,302746
2025-06-09 13:40:00,217.4600,217.5900,217.2703,217.4200,409597
2025-06-09 13:35:00,217.0200,217.4800,216.9600,217.4600,355281
2025-06-09 13:30:00,216.9700,217.0237,216.8600,217.0000,226574
2025-06-09 13:25:00,217.1200,217.2300,216.8500,216.9700,347341
2025-06-09 13:20:00,216.7100,217.1400,216.6600,217.1400,515814
2025-06-09 13:15:00,216.6600,216.7700,216.4900,216.7000,267850
2025-06-09 13:10:00,216.6700,216.7600,216.4900,216.6500,268052
2025-06-09 13:05:00,216.6150,216.8500,216.5550,216.6600,333179
2025-06-09 13:00:00,216.6662,216.7500,216.1000,216.6200,609508
2025-06-09 12:55:00,216.7703,216.8353,214.5360,216.6450,247941
2025-06-09 12:50:00,216.6500,216.8600,216.6200,216.8000,336802
2025-06-09 12:45:00,216.6150,216.7120,216.2300,216.6600,526166
2025-06-09 12:40:00,216.3400,216.6200,216.2601,216.6200,337816
2025-06-09 12:35:00,215.9000,216.4200,215.8500,216.3400,401919
2025-06-09 12:30:00,215.8000,215.9200,215.7000,215.8900,170988
2025-06-09 12:25:00,215.9900,216.0600,215.7150,215.7900,266074
2025-06-09 12:20:00,215.8882,216.0400,215.7400,215.9800,231713
2025-06-09 12:15:00,215.7963,215.9437,215.6300,215.8950,213208
2025-06-09 12:10:00,215.7000,215.9400,215.5500,215.7969,279553
2025-06-09 12:05:00,215.8850,216.1428,215.6103,215.6900,290938
2025-06-09 12:00:00,215.8850,216.1899,215.6600,215.8801,432409
2025-06-09 11:55:00,215.6413,215.9000,215.6300,215.8800,291301
2025-06-09 11:50:00,215.5200,215.8500,215.3800,215.6550,415488
2025-06-09 11:45:00,215.4400,215.5800,215.2987,215.5318,241629
2025-06-09 11:40:00,215.3700,215.6500,215.2200,215.4300,248486
2025-06-09 11:35:00,215.1201,215.6900,215.1201,215.3700,589733
2025-06-09 11:30:00,214.8800,215.2750,214.7200,215.1400,344946
2025-06-09 11:25:00,214.8000,214.9000,214.4610,214.8700,284226
2025-06-09 11:20:00,214.6700,214.8400,214.5100,214.8000,261386
2025-06-09 11:15:00,214.5600,214.9601,214.5400,214.6700,255518
2025-06-09 11:10:00,214.6850,214.8190,214.4900,214.5600,226540
2025-06-09 11:05:00,214.5700,214.7800,214.5200,214.6900,189144
2025-06-09 11:00:00,214.4500,214.7197,214.3238,214.5800,268212
2025-06-09 10:55:00,214.2050,214.4900,214.1200,214.4500,212921
2025-06-09 10:50:00,214.6099,214.6100,214.0800,214.1792,273917
2025-06-09 10:45:00,214.7300,214.8800,214.5727,214.6100,293878
2025-06-09 10:40:00,214.8700,215.1700,214.7200,214.7450,362575
2025-06-09 10:35:00,214.6800,214.9900,214.5200,214.8500,440483
2025-06-09 10:30:00,214.6900,214.9100,214.5800,214.7000,444841
2025-06-09 10:25:00,214.9550,215.0000,214.5100,214.6700,424615
2025-06-09 10:20:00,214.7499,215.2574,214.7499,214.9625,994972
2025-06-09 10:15:00,214.7800,214.8100,214.4400,214.7750,446935
2025-06-09 10:10:00,214.5300,214.8700,214.3200,214.8000,555001
2025-06-09 10:05:00,213.8900,214.6000,213.7200,214.5300,582751
2025-06-09 10:00:00,213.8700,214.0000,213.4700,213.9000,475243
2025-06-09 09:55:00,214.3200,214.3250,213.8100,213.8600,470246
2025-06-09 09:50:00,214.1200,214.4300,213.9300,214.3300,418485
2025-06-09 09:45:00,214.7850,214.9800,213.6200,214.1200,814542
2025-06-09 09:40:00,214.3600,214.8700,213.9700,214.7800,918051
2025-06-09 09:35:00,213.4250,214.4008,213.3100,214.3786,757640
2025-06-09 09:30:00,214.7500,214.8200,212.8800,213.4300,1903600
2025-06-09 09:25:00,214.6900,214.9500,214.2500,214.7600,23125
2025-06-09 09:20:00,214.7000,214.7900,214.5900,214.6900,20049
2025-06-09 09:15:00,214.7600,214.8000,214.6000,214.7499,20773
2025-06-09 09:10:00,214.7000,214.8700,214.7000,214.7700,13191
2025-06-09 09:05:00,214.7600,214.9000,214.7000,214.7200,19498
2025-06-09 09:00:00,214.7600,214.9000,214.7000,214.7600,16661
2025-06-09 08:55:00,214.7800,214.9900,214.7000,214.8000,21839
2025-06-09 08:50:00,214.8750,214.9000,214.7600,214.7800,15786
2025-06-09 08:45:00,214.9156,214.9900,214.8500,214.8600,10497
2025-06-09 08:40:00,214.8800,215.0000,214.8500,214.9300,21444
2025-06-09 08:35:00,214.8100,214.9000,214.7400,214.8800,28341
2025-06-09 08:30:00,214.8400,214.8700,214.8000,214.8200,26222
2025-06-09 08:25:00,214.9000,214.9000,214.8000,214.8685,12030
2025-06-09 08:20:00,214.8100,214.9400,214.7500,214.9000,5806
2025-06-09 08:15:00,214.7400,214.8700,214.7100,214.7872,9925
2025-06-09 08:10:00,214.7600,214.8400,214.7000,214.7250,13002
2025-06-09 08:05:00,214.8500,214.9000,214.7100,214.7900,8881
2025-06-09 08:00:00,213.5330,214.9900,213.0200,214.9000,113589
2025-06-09 07:55:00,214.8400,214.9900,214.8000,214.8200,12473
2025-06-09 07:50:00,214.8000,214.8700,214.7200,214.8300,6096
2025-06-09 07:45:00,214.8500,214.8500,214.6800,214.8100,4554
2025-06-09 07:40:00,214.8300,214.9400,214.7500,214.8100,7222
2025-06-09 07:35:00,214.6600,214.8300,214.6200,214.8100,8583
2025-06-09 07:30:00,214.4500,214.6700,214.4100,214.6700,4106
2025-06-09 07:25:00,214.5300,214.5300,214.4100,214.4500,2810
2025-06-09 07:20:00,214.4600,214.6400,214.4500,214.5500,3737
2025-06-09 07:15:00,214.4200,214.5400,214.3400,214.4400,4290
2025-06-09 07:10:00,214.5500,214.5500,214.3000,214.4200,2351
2025-06-09 07:05:00,214.2800,214.6800,214.2500,214.5600,9231
2025-06-09 07:00:00,214.2000,214.3300,214.1300,214.2900,14613
2025-06-09 06:55:00,214.1300,214.2400,214.1100,214.2300,7077
2025-06-09 06:50:00,214.1800,214.2000,214.1300,214.1600,2237
2025-06-09 06:45:00,214.1400,214.2200,214.1300,214.1800,2358
2025-06-09 06:40:00,214.1600,214.2000,214.1300,214.1700,1217
2025-06-09 06:35:00,214.1700,214.2100,214.1500,214.1700,1193
2025-06-09 06:30:00,214.1500,214.1900,214.1400,214.1800,1480
2025-06-09 06:25:00,214.1200,214.2000,214.1100,214.1500,1200
2025-06-09 06:20:00,214.1300,214.2100,214.1100,214.1200,3332
2025-06-09 06:15:00,214.1900,214.2400,214.1200,214.1400,1151
2025-06-09 06:10:00,214.2100,214.2100,214.1200,214.1900,973
2025-06-09 06:05:00,214.2800,214.2800,214.1100,214.2100,4625
2025-06-09 06:00:00,214.2000,214.2600,214.1400,214.2600,280
2025-06-09 05:55:00,214.2900,214.3800,214.1500,214.1600,5154
2025-06-09 05:50:00,214.2500,214.3300,214.1600,214.2900,3967
2025-06-09 05:45:00,214.0800,214.2900,214.0600,214.1700,2932
2025-06-09 05:40:00,214.0100,214.1200,213.9900,214.1000,3460
2025-06-09 05:35:00,214.0900,214.1000,213.9700,213.9900,428
2025-06-09 05:30:00,214.0500,214.1100,214.0100,214.1000,833
2025-06-09 05:25:00,214.0100,214.0900,213.9800,214.0500,1730
2025-06-09 05:20:00,214.0000,214.0000,213.9100,214.0000,668
2025-06-09 05:15:00,214.0000,214.0300,213.9100,213.9900,1078
2025-06-09 05:10:00,213.9900,214.0300,213.9200,214.0000,795
2025-06-09 05:05:00,214.0200,214.0300,213.9000,214.0000,5058
2025-06-09 05:00:00,214.0700,214.0900,213.9700,214.0200,2406
2025-06-09 04:55:00,214.0500,214.1100,213.9300,214.0100,2418
2025-06-09 04:50:00,213.8300,214.1400,213.7700,214.0500,6788
2025-06-09 04:45:00,213.6400,213.8800,213.5500,213.8800,2806
2025-06-09 04:40:00,213.5500,213.6700,213.5000,213.6600,3649
2025-06-09 04:35:00,213.5500,213.6400,213.5200,213.5700,689
2025-06-09 04:30:00,213.6700,213.7000,213.5300,213.6100,2313
2025-06-09 04:25:00,213.8300,213.8300,213.6100,213.7000,1043
2025-06-09 04:20:00,213.8700,213.8900,213.7500,213.7500,3205
2025-06-09 04:15:00,213.7700,213.9200,213.7400,213.8300,2377
2025-06-09 04:10:00,213.9500,214.0000,213.7100,213.7800,4545
2025-06-09 04:05:00,213.9500,214.0000,213.9000,213.9700,6448
2025-06-09 04:00:00,213.2900,213.9500,213.2900,213.9500,11256
2025-06-06 19:55:00,213.6500,213.7500,213.5800,213.7500,7042
2025-06-06 19:50:00,213.6400,213.6700,213.6000,213.6500,4530
2025-06-06 19:45:00,213.5400,213.6500,213.5400,213.6000,1108
2025-06-06 19:40:00,213.5900,213.6500,213.5400,213.5400,2574
2025-06-06 19:35:00,213.6400,213.6400,213.5300,213.5900,1795
2025-06-06 19:30:00,213.6192,213.6400,213.5300,213.5600,3614
2025-06-06 19:25:00,213.5500,213.6200,213.5000,213.5900,2385
2025-06-06 19:20:00,213.5200,213.5500,213.5000,213.5000,2804
2025-06-06 19:15:00,213.5000,213.5500,213.4900,213.5250,4213
2025-06-06 19:10:00,213.4999,213.5500,213.4200,213.5400,3008
2025-06-06 19:05:00,213.4550,213.5000,213.4100,213.5000,3400
2025-06-06 19:00:00,213.4500,213.5000,213.4100,213.4500,2809
2025-06-06 18:55:00,213.4800,213.5000,213.4100,213.4550,1948
2025-06-06 18:50:00,213.4900,213.5000,213.4100,213.4994,951
2025-06-06 18:45:00,213.5000,213.5000,213.4100,213.5000,1570
2025-06-06 18:40:00,213.4700,213.6200,213.4700,213.5000,2728
2025-06-06 18:35:00,213.4800,213.5300,213.4700,213.4700,2101
2025-06-06 18:30:00,213.6000,213.6000,213.4807,213.4900,3122
2025-06-06 18:25:00,213.5750,213.6200,213.5300,213.5800,2184
2025-06-06 18:20:00,213.5200,213.6100,213.5200,213.5750,6745
2025-06-06 18:15:00,213.6000,213.6100,213.5200,213.5600,1646
2025-06-06 18:10:00,213.5750,213.6300,213.5200,213.5900,933
2025-06-06 18:05:00,213.5750,213.6300,213.5200,213.5750,12986
2025-06-06 18:00:00,213.6299,213.6300,213.5100,213.6300,2562
2025-06-06 17:55:00,213.5067,213.6300,213.5000,213.5100,2918
2025-06-06 17:50:00,213.5200,213.5600,213.4800,213.5600,2096
2025-06-06 17:45:00,213.5350,213.5600,213.5000,213.5300,2677
2025-06-06 17:40:00,213.5550,213.5900,213.5200,213.5350,1320
2025-06-06 17:35:00,213.5450,213.5900,213.5000,213.5200,1458
2025-06-06 17:30:00,213.5650,213.5900,213.5000,213.5100,1748
2025-06-06 17:25:00,213.5400,213.5900,213.5400,213.5500,2487
2025-06-06 17:20:00,213.5650,213.5900,213.5400,213.5400,3090
2025-06-06 17:15:00,213.5700,213.5900,213.5400,213.5400,2735
2025-06-06 17:10:00,178.1297,213.5900,156.1775,213.5650,6603
2025-06-06 17:05:00,213.5000,213.5800,156.1775,213.5300,3551
2025-06-06 17:00:00,213.5650,227.4800,168.5422,213.5000,2624
2025-06-06 16:55:00,213.5700,220.9743,167.3131,213.5700,306763
2025-06-06 16:50:00,213.5700,220.9743,166.8018,213.5509,5332
2025-06-06 16:45:00,213.6800,213.7000,213.5100,213.5700,5953
2025-06-06 16:40:00,213.6218,213.6900,213.6200,213.6500,2445
2025-06-06 16:35:00,213.6001,232.9300,179.5900,213.6200,5364
2025-06-06 16:30:00,213.6450,213.7400,213.5100,213.6000,3474
2025-06-06 16:25:00,213.6750,213.7500,213.4800,213.6500,6883
2025-06-06 16:20:00,213.6702,213.8300,213.4800,213.6200,16978
2025-06-06 16:15:00,213.6589,213.7000,212.6449,213.6850,43303
2025-06-06 16:10:00,213.5800,213.6600,213.5000,213.6600,4420
2025-06-06 16:05:00,213.5200,213.6600,213.4700,213.6600,24377
2025-06-06 16:00:00,213.5200,213.7500,213.2000,213.5900,9123333
2025-06-06 15:55:00,213.6600,213.7900,213.3200,213.5200,1639565
2025-06-06 15:50:00,213.5200,213.8699,213.4700,213.6700,1048840
2025-06-06 15:45:00,213.2400,213.5599,213.1800,213.5000,502849
2025-06-06 15:40:00,213.0600,213.2500,213.0100,213.2500,301764
2025-06-06 15:35:00,212.9423,213.1300,212.9200,213.0699,322492
2025-06-06 15:30:00,212.8800,213.0800,212.8300,212.9400,260087
2025-06-06 15:25:00,212.8000,213.0700,212.7700,212.8800,301290
2025-06-06 15:20:00,213.0100,213.0100,212.7700,212.8050,252480
2025-06-06 15:15:00,213.1750,213.1750,212.9800,213.0200,279895
2025-06-06 15:10:00,213.1800,213.3800,213.1200,213.1700,324532
2025-06-06 15:05:00,213.2500,213.3400,213.1700,213.1800,241529
2025-06-06 15:00:00,213.5100,213.5265,213.1770,213.2500,419156
2025-06-06 14:55:00,213.4500,213.7700,213.4500,213.5300,681473
2025-06-06 14:50:00,212.9850,213.4400,212.9200,213.4359,484519
2025-06-06 14:45:00,213.0700,213.0700,212.8700,212.9818,198157
2025-06-06 14:40:00,212.9600,213.2000,212.9300,213.0800,363668
2025-06-06 14:35:00,213.0700,213.1499,212.8600,212.9500,234926
2025-06-06 14:30:00,212.9150,213.1700,212.7500,213.0800,478571
2025-06-06 14:25:00,212.9200,212.9300,212.7600,212.9135,204349
2025-06-06 14:20:00,212.9535,213.0100,212.7700,212.9100,230235
2025-06-06 14:15:00,212.7900,212.9900,212.7700,212.9550,160506
2025-06-06 14:10:00,212.9700,212.9700,212.6700,212.7800,295288
2025-06-06 14:05:00,212.7050,212.9900,212.7000,212.9700,280315
2025-06-06 14:00:00,212.5800,212.8800,212.5700,212.7050,257897
2025-06-06 13:55:00,212.5800,212.6800,212.4600,212.5700,168680
2025-06-06 13:50:00,212.7800,212.8700,212.5600,212.5750,321612
2025-06-06 13:45:00,212.8550,213.0000,212.7400,212.7800,319018
2025-06-06 13:40:00,212.7500,212.9000,212.7100,212.8700,285909
2025-06-06 13:35:00,212.5900,212.7600,212.4600,212.7392,217144
2025-06-06 13:30:00,212.3400,212.6600,212.3400,212.6100,227265
2025-06-06 13:25:00,212.4500,212.4900,212.3000,212.3176,165901
2025-06-06 13:20:00,212.1455,212.5700,212.1455,212.4300,309275
2025-06-06 13:15:00,211.8650,212.1700,211.8050,212.1388,187715
2025-06-06 13:10:00,211.7500,211.9500,211.6300,211.8650,216879
2025-06-06 13:05:00,211.7250,211.8400,211.5300,211.7500,152291
2025-06-06 13:00:00,211.7300,211.9900,211.6800,211.7328,478335
2025-06-06 12:55:00,211.5000,211.7900,211.2400,211.7195,310981
2025-06-06 12:50:00,211.6500,211.7300,211.3600,211.5150,197512
2025-06-06 12:45:00,211.5250,211.6600,211.4700,211.6550,150957
2025-06-06 12:40:00,211.9800,212.2236,211.4700,211.5300,254301
2025-06-06 12:35:00,211.9800,212.0600,211.8000,211.9900,175553
2025-06-06 12:30:00,211.9850,212.0000,211.8200,211.9900,154151
2025-06-06 12:25:00,211.8400,212.0500,211.7000,211.9850,517503
2025-06-06 12:20:00,211.8190,211.9470,211.7600,211.8399,113763
2025-06-06 12:15:00,211.9300,211.9550,211.7500,211.8200,141028
2025-06-06 12:10:00,211.8300,212.0500,211.7900,211.9395,209557
2025-06-06 12:05:00,211.8600,211.9700,211.7900,211.8250,249017
2025-06-06 12:00:00,211.7400,211.9600,211.7290,211.8646,218600
2025-06-06 11:55:00,211.9800,212.0400,211.4900,211.7350,550201
2025-06-06 11:50:00,211.8719,212.0050,211.8401,211.9900,221731
2025-06-06 11:45:00,211.6100,211.9300,211.5900,211.8900,231222
2025-06-06 11:40:00,211.2650,211.6100,211.2300,211.5950,232241
2025-06-06 11:35:00,211.1500,211.2900,211.0000,211.2700,212163
2025-06-06 11:30:00,211.3400,211.4600,211.0700,211.1300,215796
2025-06-06 11:25:00,211.2600,211.4800,211.1400,211.3400,217498
2025-06-06 11:20:00,211.2300,211.4000,210.8100,211.2450,424903
2025-06-06 11:15:00,212.3100,212.3300,210.9900,211.2400,500723
2025-06-06 11:10:00,212.3100,212.3900,212.0900,212.3200,231282
2025-06-06 11:05:00,212.0600,212.4400,211.9501,212.3400,499907
2025-06-06 11:00:00,211.9200,212.2050,211.9000,212.0729,210496
2025-06-06 10:55:00,211.9050,212.2700,211.8600,211.9200,399319
2025-06-06 10:50:00,212.0700,212.2800,211.8200,211.9200,484123
2025-06-06 10:45:00,212.0300,212.1600,211.7800,212.0600,279581
2025-06-06 10:40:00,211.7026,212.1200,211.6500,212.0400,364691
2025-06-06 10:35:00,211.4600,211.8600,211.3800,211.6900,364873
2025-06-06 10:30:00,211.0200,211.5176,210.7800,211.4768,490164
2025-06-06 10:25:00,211.9350,212.0300,210.9100,211.0400,525669
2025-06-06 10:20:00,212.1650,212.3900,211.4700,211.9400,535956
2025-06-06 10:15:00,212.0663,212.3300,211.8500,212.1400,408423
2025-06-06 10:10:00,212.0209,212.1600,211.8300,212.0600,496283
2025-06-06 10:05:00,212.3200,212.4700,211.9108,211.9900,641464
2025-06-06 10:00:00,212.8600,213.3100,212.2600,212.3299,806284
2025-06-06 09:55:00,212.5950,212.8600,212.3500,212.8400,752059
2025-06-06 09:50:00,213.2700,213.5050,212.5100,212.5700,958155
2025-06-06 09:45:00,212.7100,213.7000,212.5400,213.3000,1567047
2025-06-06 09:40:00,212.0300,212.7500,211.9606,212.6850,960090
2025-06-06 09:35:00,210.8291,212.4000,210.7200,212.0700,1395189
2025-06-06 09:30:00,212.4000,212.6600,210.5000,210.7800,2388671
2025-06-06 09:25:00,212.0000,212.5500,211.8800,212.4000,59318
2025-06-06 09:20:00,212.3500,212.7500,212.3000,212.4742,46623
2025-06-06 09:15:00,212.2800,212.4000,212.0900,212.3900,27493
2025-06-06 09:10:00,212.2200,212.3400,212.1600,212.2500,20127
2025-06-06 09:05:00,212.1200,212.3500,212.0700,212.2300,18243
2025-06-06 09:00:00,212.2000,212.4500,212.0000,212.0700,28904
2025-06-06 08:55:00,212.1400,212.2600,212.0000,212.1506,29551
2025-06-06 08:50:00,212.4500,212.4900,212.0100,212.0700,78341
2025-06-06 08:45:00,212.2500,212.4900,212.2000,212.4400,83207
2025-06-06 08:40:00,212.3000,212.3100,212.0000,212.2200,54801
2025-06-06 08:35:00,211.8600,212.4500,211.7200,212.3500,104355
2025-06-06 08:30:00,210.4800,211.9900,210.4700,211.8600,132191
2025-06-06 08:25:00,210.1400,210.5000,210.1000,210.4800,10866
2025-06-06 08:20:00,210.0989,210.2000,210.0200,210.1988,10025
2025-06-06 08:15:00,210.2600,210.3000,210.0200,210.0650,3570
2025-06-06 08:10:00,210.4100,210.4900,210.2100,210.3000,10257
2025-06-06 08:05:00,210.3500,210.4900,210.2100,210.4899,24726
2025-06-06 08:00:00,210.2000,210.4000,207.9100,210.3300,82673
2025-06-06 07:55:00,210.1900,210.2600,210.0900,210.2200,4222
2025-06-06 07:50:00,210.1600,210.2500,210.0800,210.1800,6633
2025-06-06 07:45:00,210.1300,210.1500,210.0400,210.1400,3098
2025-06-06 07:40:00,210.1400,210.3200,210.0500,210.1300,4076
2025-06-06 07:35:00,210.0100,210.1400,210.0000,210.1000,3229
2025-06-06 07:30:00,209.9000,210.0900,209.9000,210.0400,16985
2025-06-06 07:25:00,209.8600,209.9900,209.6300,209.9200,13317
2025-06-06 07:20:00,209.7400,209.8600,209.6300,209.8500,6959
2025-06-06 07:15:00,209.6000,209.8000,209.4100,209.7000,4481
2025-06-06 07:10:00,209.5000,209.6600,209.5000,209.6100,9042
2025-06-06 07:05:00,209.5000,209.6700,209.5000,209.5000,2947
2025-06-06 07:00:00,209.7600,209.9400,209.3000,209.5000,21687
2025-06-06 06:55:00,209.7500,209.7500,209.6000,209.7000,4291
2025-06-06 06:50:00,209.8500,209.9000,209.7300,209.7500,3475
2025-06-06 06:45:00,209.8900,209.8900,209.7600,209.7700,972
2025-06-06 06:40:00,209.7200,209.9000,209.6800,209.8400,1038
2025-06-06 06:35:00,209.9100,209.9400,209.7300,209.7400,3186
2025-06-06 06:30:00,209.9000,209.9200,209.8700,209.9100,170
2025-06-06 06:25:00,209.9500,209.9700,209.8600,209.9000,291
2025-06-06 06:20:00,209.9800,210.0500,209.9000,209.9200,627
2025-06-06 06:15:00,209.9500,210.0500,209.8900,209.9600,4834
2025-06-06 06:10:00,209.8900,209.9600,209.8000,209.9500,3080
2025-06-06 06:05:00,209.8200,209.9000,209.7800,209.8600,903
2025-06-06 06:00:00,209.7800,209.8800,209.7300,209.7800,3853
2025-06-06 05:55:00,209.8600,209.8800,209.6900,209.7800,2052
2025-06-06 05:50:00,209.7700,209.8800,209.7400,209.8200,1165
2025-06-06 05:45:00,209.6200,209.7200,209.5400,209.7200,1842
2025-06-06 05:40:00,209.8500,209.8500,209.4800,209.6300,3772
2025-06-06 05:35:00,209.7800,209.8600,209.6900,209.7800,3362
2025-06-06 05:30:00,209.6600,209.7800,209.6200,209.7500,829
2025-06-06 05:25:00,209.6300,209.8700,209.6200,209.7000,6238
2025-06-06 05:20:00,209.5500,209.6600,209.4600,209.5500,714
2025-06-06 05:15:00,209.4000,209.5500,209.3800,209.5500,1735
2025-06-06 05:10:00,209.3900,209.4200,209.3200,209.4100,547
2025-06-06 05:05:00,209.3600,209.4400,209.2800,209.4000,887
2025-06-06 05:00:00,209.3900,209.4600,209.3100,209.4400,2179
2025-06-06 04:55:00,209.3500,209.4000,209.3100,209.3200,1624
2025-06-06 04:50:00,209.4000,209.4000,209.3300,209.3600,1648
2025-06-06 04:45:00,209.5000,209.5200,209.3800,209.4000,1513
2025-06-06 04:40:00,209.3500,209.5300,209.3500,209.5300,674
2025-06-06 04:35:00,209.4800,209.4900,209.3600,209.4600,608
2025-06-06 04:30:00,209.4100,209.5000,209.3200,209.4900,1210
2025-06-06 04:25:00,209.3100,209.4300,209.3000,209.3500,2014
2025-06-06 04:20:00,209.3500,209.4900,209.2700,209.3500,4336
2025-06-06 04:15:00,209.3800,209.5500,209.3500,209.3500,1404
2025-06-06 04:10:00,209.4200,209.4900,209.3000,209.3900,1596
2025-06-06 04:05:00,209.2600,209.4900,209.2600,209.4900,4132
2025-06-06 04:00:00,208.5400,209.4600,208.5400,209.2900,3737
2025-06-05 19:55:00,208.2000,208.3000,207.9200,208.0100,6899
2025-06-05 19:50:00,208.1500,208.2400,208.0000,208.1750,9081
2025-06-05 19:45:00,207.9600,208.1200,207.8500,208.0600,7033
2025-06-05 19:40:00,207.8400,208.0000,207.8000,207.9700,3441
2025-06-05 19:35:00,207.8500,208.0300,207.7000,207.8400,12412
2025-06-05 19:30:00,207.8700,207.9000,207.7000,207.8025,2682
2025-06-05 19:25:00,207.8100,207.9600,207.7000,207.8000,5364
2025-06-05 19:20:00,207.6900,207.8900,207.6900,207.7000,1443
2025-06-05 19:15:00,207.8963,207.9000,207.6700,207.7900,4988
2025-06-05 19:10:00,207.7500,207.9000,207.6500,207.8100,1332
2025-06-05 19:05:00,207.7500,207.9000,207.6500,207.7800,1797
2025-06-05 19:00:00,207.8000,207.9000,207.6000,207.8999,5200
2025-06-05 18:55:00,207.7500,207.8000,207.4000,207.6000,9851
2025-06-05 18:50:00,207.7700,207.8800,207.5900,207.6000,2838
2025-06-05 18:45:00,207.6040,207.8100,207.5200,207.7000,3427
2025-06-05 18:40:00,207.6000,207.7000,207.5200,207.6002,1580
2025-06-05 18:35:00,207.4100,207.9000,207.4100,207.6500,4109
2025-06-05 18:30:00,207.5541,208.0000,207.3500,207.8000,7700
2025-06-05 18:25:00,207.3900,207.6964,207.3500,207.6250,4630
2025-06-05 18:20:00,207.5000,207.6800,207.0000,207.3900,11451
2025-06-05 18:15:00,207.2900,207.4900,207.1000,207.4900,4943
2025-06-05 18:10:00,207.0950,207.9100,207.0000,207.2100,33050
2025-06-05 18:05:00,207.2000,207.3950,206.8200,207.0000,9614
2025-06-05 18:00:00,206.8100,207.4000,206.7300,207.2000,15484
2025-06-05 17:55:00,206.7600,206.8100,206.5200,206.8000,2162
2025-06-05 17:50:00,206.6300,207.0000,206.5100,206.7300,8054
2025-06-05 17:45:00,206.8000,206.8700,206.5500,206.6900,5196
2025-06-05 17:40:00,206.8700,206.8700,206.5100,206.6650,6914
2025-06-05 17:35:00,207.0100,207.0200,206.6900,206.7200,13565
2025-06-05 17:30:00,207.1050,207.2000,206.9700,207.0150,5254
2025-06-05 17:25:00,207.2900,207.4000,207.0000,207.0300,17937
2025-06-05 17:20:00,207.1100,207.4000,207.0100,207.3800,10056
2025-06-05 17:15:00,207.0500,207.2000,207.0000,207.1200,6095
2025-06-05 17:10:00,207.1200,207.9100,207.0100,207.0100,16158
2025-06-05 17:05:00,207.2000,207.2999,207.0200,207.1100,11402
2025-06-05 17:00:00,207.1700,207.4000,207.0100,207.1750,13740
2025-06-05 16:55:00,207.1100,219.5741,193.2290,207.1800,15590
2025-06-05 16:50:00,207.5000,220.7607,197.9960,207.2500,20333
2025-06-05 16:45:00,207.5000,220.5015,194.3451,207.5500,24364
2025-06-05 16:40:00,207.4400,207.5800,199.0949,207.3800,7177
2025-06-05 16:35:00,207.5400,207.9100,207.3000,207.5700,13342
2025-06-05 16:30:00,207.8000,207.9100,207.5000,207.5950,151234
2025-06-05 16:25:00,207.8400,207.9200,207.2400,207.8000,13332
2025-06-05 16:20:00,207.6800,207.9200,207.5700,207.8400,9603
2025-06-05 16:15:00,207.8000,207.9500,207.5500,207.7400,42612
2025-06-05 16:10:00,207.8300,207.9400,207.7000,207.9099,1482522
2025-06-05 16:05:00,207.9000,207.9600,207.6700,207.8300,21905
2025-06-05 16:00:00,207.9000,208.2700,207.6500,207.9100,9538396
2025-06-05 15:55:00,208.0900,208.1500,207.6300,207.8500,2124192
2025-06-05 15:50:00,208.9700,209.2000,208.0700,208.1000,739465
2025-06-05 15:45:00,208.9100,209.1000,208.7900,208.9650,359865
2025-06-05 15:40:00,209.1400,209.1999,208.7000,208.9000,439486
2025-06-05 15:35:00,208.5200,209.2500,208.4400,209.1100,419326
2025-06-05 15:30:00,208.5300,208.7900,208.3703,208.5062,455409
2025-06-05 15:25:00,208.0531,208.6700,207.9600,208.5100,433262
2025-06-05 15:20:00,208.0600,208.3000,207.8304,208.0250,518847
2025-06-05 15:15:00,209.0800,209.3100,207.5600,208.1000,767037
2025-06-05 15:10:00,209.4700,209.6900,209.0300,209.0850,357759
2025-06-05 15:05:00,209.4100,209.6197,209.3200,209.4600,287020
2025-06-05 15:00:00,209.7700,209.8900,209.3597,209.4250,395214
2025-06-05 14:55:00,209.6900,209.8800,209.6103,209.7800,278705
2025-06-05 14:50:00,209.7900,209.8999,209.5800,209.6900,252566
2025-06-05 14:45:00,209.7400,210.0700,209.7400,209.7800,372521
2025-06-05 14:40:00,209.8000,209.8900,209.5100,209.7500,289053
2025-06-05 14:35:00,209.7202,210.0100,209.4100,209.8000,472482
2025-06-05 14:30:00,209.5900,209.7500,209.4200,209.7398,408715
2025-06-05 14:25:00,209.4400,209.6000,209.3200,209.5965,378647
2025-06-05 14:20:00,208.8500,209.4999,208.7350,209.4200,416963
2025-06-05 14:15:00,209.1050,209.1050,208.3500,208.8500,559813
2025-06-05 14:10:00,209.4200,209.4400,208.9000,209.1300,387307
2025-06-05 14:05:00,209.6001,209.6650,209.2600,209.4400,290317
2025-06-05 14:00:00,210.0700,210.0706,209.6200,209.6200,257769
2025-06-05 13:55:00,210.4600,210.5800,210.0600,210.0850,298607
2025-06-05 13:50:00,210.5900,210.6200,210.4300,210.4650,188344
2025-06-05 13:45:00,210.9400,210.9400,210.5700,210.5700,219851
2025-06-05 13:40:00,210.9500,211.0200,210.8000,210.9300,205195
2025-06-05 13:35:00,211.2615,211.3600,210.8900,210.9600,252899
2025-06-05 13:30:00,210.9000,211.4400,210.8900,211.2750,469310
2025-06-05 13:25:00,210.8500,211.0600,210.7000,210.9000,245121
2025-06-05 13:20:00,210.3200,210.9050,210.2700,210.8350,324031
2025-06-05 13:15:00,210.3900,210.5799,210.3250,210.3650,288066
2025-06-05 13:10:00,210.0100,210.5600,209.9765,210.3900,370776
2025-06-05 13:05:00,209.7517,210.1299,209.5850,210.0200,282498
2025-06-05 13:00:00,209.4750,209.8750,209.2184,209.7300,404143
2025-06-05 12:55:00,209.6100,209.7700,209.4200,209.4700,316525
2025-06-05 12:50:00,209.5800,209.8400,209.0601,209.6200,338055
2025-06-05 12:45:00,210.4100,210.4100,209.4100,209.6000,554520
2025-06-05 12:40:00,210.6400,210.7400,210.3800,210.4100,256041
2025-06-05 12:35:00,210.9000,211.1100,210.5300,210.6550,264032
2025-06-05 12:30:00,210.9550,211.0800,210.6700,210.9028,178921
2025-06-05 12:25:00,210.7250,210.9800,210.5600,210.9500,252136
2025-06-05 12:20:00,211.0350,211.2400,210.6700,210.7200,296840
2025-06-05 12:15:00,211.3900,211.5000,210.7800,211.0550,828268
2025-06-05 12:10:00,211.9500,212.0300,211.3500,211.4050,345657
2025-06-05 12:05:00,212.0700,212.2910,211.8800,211.9499,444500
2025-06-05 12:00:00,211.6950,212.0950,211.5200,212.0600,429722
2025-06-05 11:55:00,211.4700,211.8069,211.3700,211.6900,449929
2025-06-05 11:50:00,211.5050,211.7582,211.3600,211.4300,334641
2025-06-05 11:45:00,211.9000,211.9600,211.4800,211.5050,372252
2025-06-05 11:40:00,212.1400,212.3300,211.7388,211.8700,499484
2025-06-05 11:35:00,212.1700,212.4000,211.8650,212.1300,671482
2025-06-05 11:30:00,212.5700,212.6960,212.1700,212.1850,719728
2025-06-05 11:25:00,212.3400,212.6500,211.9650,212.5800,797545
2025-06-05 11:20:00,212.6500,212.8100,212.1460,212.3256,1110973
2025-06-05 11:15:00,211.9650,212.7000,211.8900,212.6500,884668
2025-06-05 11:10:00,211.7500,211.9900,211.5750,211.9750,491723
2025-06-05 11:05:00,211.2600,211.7700,211.1900,211.7241,552433
2025-06-05 11:00:00,211.1100,211.6300,211.1000,211.2550,779318
2025-06-05 10:55:00,210.7927,211.4000,210.6600,211.0700,590093
2025-06-05 10:50:00,210.5703,210.8700,210.3400,210.7850,650636
2025-06-05 10:45:00,210.2100,211.4900,210.0301,210.5900,1389697
2025-06-05 10:40:00,209.5600,210.3200,209.1350,210.2000,603575
2025-06-05 10:35:00,208.7950,209.6800,208.0800,209.5400,692540
2025-06-05 10:30:00,209.8000,209.8100,208.6400,208.7950,449823
2025-06-05 10:25:00,209.2300,210.0700,209.2300,209.8099,808331
2025-06-05 10:20:00,208.8600,209.2884,208.8100,209.2555,434862
2025-06-05 10:15:00,209.0100,209.1100,208.6000,208.8400,300137
2025-06-05 10:10:00,208.3300,209.3410,208.1800,208.9950,494519
2025-06-05 10:05:00,209.2400,209.3400,208.3000,208.3200,463083
2025-06-05 10:00:00,208.9600,209.6600,208.8300,209.2594,851685
2025-06-05 09:55:00,209.2400,209.3400,208.5000,208.9600,698298
2025-06-05 09:50:00,208.6600,209.3200,208.4500,209.2568,723877
2025-06-05 09:45:00,209.4900,209.5400,208.1400,208.6944,968877
2025-06-05 09:40:00,210.1100,210.3900,209.3300,209.4900,1389766
2025-06-05 09:35:00,210.4500,211.4000,210.0675,210.1250,1818848
2025-06-05 09:30:00,209.5500,210.9200,208.0500,210.4300,2986294
2025-06-05 09:25:00,209.9700,210.0300,209.2000,209.4800,114883
2025-06-05 09:20:00,210.2400,210.2800,209.9500,209.9981,58693
2025-06-05 09:15:00,210.3900,210.4900,201.0100,210.2300,55686
2025-06-05 09:10:00,210.0000,210.4800,172.6100,210.3972,66130
2025-06-05 09:05:00,210.0100,211.3700,209.6900,209.9750,33620
2025-06-05 09:00:00,209.8300,210.2475,209.7700,210.0050,30336
2025-06-05 08:55:00,209.9200,210.4800,209.7100,209.8100,78398
2025-06-05 08:50:00,209.9300,210.5500,209.7500,209.8100,65519
2025-06-05 08:45:00,209.4000,210.0000,209.2200,209.7500,69650
2025-06-05 08:40:00,209.5500,209.6800,207.2300,209.3800,15886
2025-06-05 08:35:00,209.2200,209.8500,209.2200,209.5900,58945
2025-06-05 08:30:00,208.9100,209.4100,208.1200,209.3400,52955
2025-06-05 08:25:00,208.8000,208.9800,208.8000,208.9400,16791
2025-06-05 08:20:00,208.9800,209.0000,208.8000,208.8900,5184
2025-06-05 08:15:00,208.9301,209.0500,208.9300,208.9800,12502
2025-06-05 08:10:00,208.9250,209.0700,208.9250,208.9900,14235
2025-06-05 08:05:00,208.5500,209.0000,208.5200,208.9400,23090
2025-06-05 08:00:00,208.1140,209.1700,207.2300,208.6100,78952
2025-06-05 07:55:00,208.7800,208.8000,208.5400,208.5400,5899
2025-06-05 07:50:00,208.8400,208.8800,208.7100,208.7900,3243
2025-06-05 07:45:00,208.7300,208.8600,208.7300,208.8000,4021
2025-06-05 07:40:00,208.6800,208.7800,208.5200,208.7700,2377
2025-06-05 07:35:00,208.7600,208.7800,208.6800,208.7000,1443
2025-06-05 07:30:00,208.6800,208.8000,208.6600,208.7800,5268
2025-06-05 07:25:00,208.7400,208.8200,208.6800,208.7500,2544
2025-06-05 07:20:00,208.7200,208.8400,208.7000,208.7200,4500
2025-06-05 07:15:00,208.5500,208.7700,208.5000,208.7700,5969
2025-06-05 07:10:00,208.5200,208.6800,208.4900,208.5000,6993
2025-06-05 07:05:00,208.7000,208.7000,208.4600,208.6100,3785
2025-06-05 07:00:00,209.0100,209.0100,208.5400,208.6700,8806
2025-06-05 06:55:00,208.6500,209.1500,208.6500,209.0400,8403
2025-06-05 06:50:00,208.6200,208.7300,208.5900,208.6700,1745
2025-06-05 06:45:00,208.3800,208.7100,208.3800,208.7100,2816
2025-06-05 06:40:00,209.0000,209.0000,208.2800,208.4500,13102
2025-06-05 06:35:00,209.0100,209.0800,208.7700,208.9600,4492
2025-06-05 06:30:00,209.0100,209.1500,208.9500,209.0000,2729
2025-06-05 06:25:00,209.1000,209.1300,208.9400,209.0100,1616
2025-06-05 06:20:00,209.0600,209.1500,208.9700,209.1000,4372
2025-06-05 06:15:00,208.9000,209.0200,208.8100,209.0200,3627
2025-06-05 06:10:00,208.9600,209.1000,208.8100,208.8200,8449
2025-06-05 06:05:00,208.7800,208.9500,208.6400,208.9400,2668
2025-06-05 06:00:00,208.6800,208.8600,208.6800,208.7100,5136
2025-06-05 05:55:00,208.5800,208.6800,208.5100,208.6800,2358
2025-06-05 05:50:00,208.4100,208.5700,208.3000,208.5400,5088
2025-06-05 05:45:00,208.4200,208.4300,208.3500,208.4000,1136
2025-06-05 05:40:00,208.4700,208.4800,208.3600,208.4300,445
2025-06-05 05:35:00,208.3100,208.4900,208.2600,208.4700,1206
2025-06-05 05:30:00,208.1500,208.3400,208.1200,208.3000,1895
2025-06-05 05:25:00,208.1400,208.3100,208.1400,208.1800,586
2025-06-05 05:20:00,208.1900,208.3600,208.1000,208.1000,1708
2025-06-05 05:15:00,208.4500,208.4500,208.0400,208.3200,3593
2025-06-05 05:10:00,208.6200,208.6200,208.3600,208.3600,1663
2025-06-05 05:05:00,208.5200,208.6800,208.5200,208.5700,1069
2025-06-05 05:00:00,208.7500,208.8400,208.4900,208.6000,3487
2025-06-05 04:55:00,208.8300,208.9300,208.4700,208.7400,6892
2025-06-05 04:50:00,209.0200,209.0400,208.6800,208.7400,3639
2025-06-05 04:45:00,209.0000,209.1600,208.8900,208.9100,11483
2025-06-05 04:40:00,208.9700,209.1000,208.9200,209.0200,900
2025-06-05 04:35:00,208.8000,209.0600,208.7800,208.9500,11698
2025-06-05 04:30:00,208.7800,208.8400,208.7100,208.8300,1340
2025-06-05 04:25:00,208.6100,208.8400,208.6100,208.7800,4111
2025-06-05 04:20:00,208.6400,208.6700,208.5200,208.6300,1382
2025-06-05 04:15:00,208.7000,208.7600,208.6200,208.6700,2726
2025-06-05 04:10:00,208.8400,208.9000,208.6100,208.6500,7227
2025-06-05 04:05:00,208.8200,208.9000,208.7700,208.8400,1618
2025-06-05 04:00:00,208.0000,208.8500,207.8000,208.8400,18827
2025-06-04 19:55:00,207.1500,207.1500,207.0100,207.1000,6911
2025-06-04 19:50:00,207.1600,207.1900,207.0600,207.1600,1525
2025-06-04 19:45:00,207.1300,207.1900,207.1300,207.1500,997
2025-06-04 19:40:00,207.2500,207.2500,207.1300,207.1315,1511
2025-06-04 19:35:00,207.2000,207.2500,207.1000,207.1300,671
2025-06-04 19:30:00,207.2000,207.2500,207.1000,207.2000,8698
2025-06-04 19:25:00,207.2000,207.2500,207.1800,207.2150,731
2025-06-04 19:20:00,207.2000,207.3000,207.1000,207.2150,798
2025-06-04 19:15:00,207.1196,207.3500,207.1000,207.2000,1037
2025-06-04 19:10:00,207.1400,207.3000,207.1000,207.1000,413
2025-06-04 19:05:00,207.3500,207.3500,207.1100,207.2300,175
2025-06-04 19:00:00,207.1000,207.3500,207.1000,207.1200,3477
2025-06-04 18:55:00,207.3500,207.3500,207.1000,207.2000,3286
2025-06-04 18:50:00,207.3200,207.3500,207.2600,207.3500,509
2025-06-04 18:45:00,207.2800,207.3700,207.2600,207.3700,1228
2025-06-04 18:40:00,207.4500,207.5000,207.2600,207.3992,3224
2025-06-04 18:35:00,207.3500,207.5000,207.3000,207.5000,3180
2025-06-04 18:30:00,207.3500,207.4000,207.2600,207.3500,5886
2025-06-04 18:25:00,207.3500,207.4000,207.2600,207.3700,2505
2025-06-04 18:20:00,207.3100,207.3500,207.2600,207.3100,1126
2025-06-04 18:15:00,207.3300,207.4000,207.2600,207.3085,911
2025-06-04 18:10:00,207.2000,207.4000,207.2000,207.3500,2093
2025-06-04 18:05:00,207.1000,207.3000,207.0600,207.2900,2186
2025-06-04 18:00:00,207.1200,207.2300,207.0500,207.1400,1800
2025-06-04 17:55:00,207.1600,207.1600,207.0500,207.1000,1249
2025-06-04 17:50:00,207.1750,207.2300,207.1000,207.2300,15945
2025-06-04 17:45:00,207.1800,207.2500,207.1200,207.1800,590
2025-06-04 17:40:00,207.1201,207.2500,207.1200,207.2000,1831
2025-06-04 17:35:00,207.1500,207.2000,207.1200,207.1600,1629
2025-06-04 17:30:00,207.1600,207.2000,207.1200,207.1500,897
2025-06-04 17:25:00,207.1500,207.2000,207.1000,207.1600,1360
2025-06-04 17:20:00,207.0500,207.1500,207.0400,207.1400,3452
2025-06-04 17:15:00,207.0983,207.1000,207.0100,207.0512,1207
2025-06-04 17:10:00,207.0100,207.1000,207.0100,207.1000,2811
2025-06-04 17:05:00,207.0006,207.1755,207.0000,207.0106,616
2025-06-04 17:00:00,207.2500,219.2833,198.6035,207.0001,7841
2025-06-04 16:55:00,207.3177,208.9316,201.0526,207.1850,7647
2025-06-04 16:50:00,207.2850,210.3589,200.4092,207.2700,7731
2025-06-04 16:45:00,207.3300,210.3589,200.4092,207.2600,12158
2025-06-04 16:40:00,207.2800,207.3300,207.2500,207.2900,3105
2025-06-04 16:35:00,207.2400,207.6200,207.1500,207.2900,5487
2025-06-04 16:30:00,207.2700,207.2900,207.2000,207.2250,46690
2025-06-04 16:25:00,207.2900,207.3300,207.2000,207.2500,6803
2025-06-04 16:20:00,207.2300,207.3800,207.2300,207.3300,30166
2025-06-04 16:15:00,207.2300,207.4000,206.9701,207.3000,17319
2025-06-04 16:10:00,207.1700,207.4000,207.1700,207.3750,36904
2025-06-04 16:05:00,207.1000,207.3500,207.0500,207.3500,600731
2025-06-04 16:00:00,207.2400,207.4700,207.0100,207.1800,6033276
2025-06-04 15:55:00,207.0400,207.4800,206.8900,207.2400,1537427
2025-06-04 15:50:00,207.4600,207.4700,206.9400,207.0400,881888
2025-06-04 15:45:00,207.4200,207.5600,207.3700,207.4750,448101
2025-06-04 15:40:00,207.5550,207.5600,207.3300,207.4100,651941
2025-06-04 15:35:00,207.7976,207.8200,207.5200,207.5499,930982
2025-06-04 15:30:00,207.7400,207.8900,207.7200,207.8100,258882
2025-06-04 15:25:00,207.8550,207.8600,207.6800,207.7450,173502
2025-06-04 15:20:00,207.8500,207.9300,207.7200,207.8550,253047
2025-06-04 15:15:00,207.8850,207.9000,207.7650,207.8484,168831
2025-06-04 15:10:00,207.6700,207.9399,207.6300,207.8850,279707
2025-06-04 15:05:00,207.9700,207.9800,207.6400,207.6800,183294
2025-06-04 15:00:00,207.8800,208.0000,207.8100,207.9700,243059
2025-06-04 14:55:00,207.9600,207.9990,207.8050,207.8800,153848
2025-06-04 14:50:00,207.9700,207.9900,207.7300,207.9500,282470
2025-06-04 14:45:00,208.0800,208.1800,207.9100,207.9600,309316
2025-06-04 14:40:00,208.0000,208.0800,207.9400,208.0800,230291
2025-06-04 14:35:00,207.7800,208.0300,207.7800,207.9908,417123
2025-06-04 14:30:00,207.8400,207.8900,207.6300,207.7900,232114
2025-06-04 14:25:00,207.7000,207.8546,207.5600,207.8400,202638
2025-06-04 14:20:00,207.4960,207.8100,207.4800,207.7000,338743
2025-06-04 14:15:00,207.4100,207.5200,207.3601,207.4900,150575
2025-06-04 14:10:00,207.4800,207.5300,207.3700,207.4150,237959
2025-06-04 14:05:00,207.6265,207.6800,207.3800,207.4800,263393
2025-06-04 14:00:00,207.5600,207.7100,207.4700,207.6250,249173
2025-06-04 13:55:00,207.6500,207.7300,207.5501,207.5699,196103
2025-06-04 13:50:00,207.6136,207.7272,207.5600,207.6524,196453
2025-06-04 13:45:00,207.6500,207.7400,207.6000,207.6200,177695
2025-06-04 13:40:00,207.6700,207.7700,207.6000,207.6515,244946
2025-06-04 13:35:00,207.6600,207.8600,207.6600,207.6700,268816
2025-06-04 13:30:00,207.5600,207.7800,207.4800,207.6530,223117
2025-06-04 13:25:00,207.4400,207.7600,207.3200,207.5654,281007
2025-06-04 13:20:00,207.4300,207.5600,207.4000,207.4350,216469
2025-06-04 13:15:00,207.2700,207.5000,207.2600,207.4450,252791
2025-06-04 13:10:00,207.2300,207.4000,207.0800,207.2550,310615
2025-06-04 13:05:00,206.9550,207.2450,206.9350,207.2400,404254
2025-06-04 13:00:00,206.6800,206.9600,206.6700,206.9599,259405
2025-06-04 12:55:00,206.4950,206.7000,206.4900,206.6696,156335
2025-06-04 12:50:00,206.6500,206.6659,206.4500,206.4802,96548
2025-06-04 12:45:00,206.5400,206.6730,206.5050,206.6403,178513
2025-06-04 12:40:00,206.3450,206.5500,206.3300,206.5400,154517
2025-06-04 12:35:00,206.3800,206.3800,206.1900,206.3500,155500
2025-06-04 12:30:00,206.4600,206.5800,206.3200,206.3900,151581
2025-06-04 12:25:00,206.6900,206.6900,206.4000,206.4700,187213
2025-06-04 12:20:00,206.5464,206.7400,206.4100,206.6800,259737
2025-06-04 12:15:00,206.1500,206.5300,206.1400,206.5300,408790
2025-06-04 12:10:00,206.4900,206.5100,206.1348,206.1500,216755
2025-06-04 12:05:00,206.3900,206.5700,206.3300,206.4700,144264
2025-06-04 12:00:00,206.4700,206.6000,206.3400,206.3870,179809
2025-06-04 11:55:00,206.2293,206.5100,206.1100,206.4800,189561
2025-06-04 11:50:00,206.1450,206.4422,206.1450,206.2400,281531
2025-06-04 11:45:00,206.0200,206.2600,205.9800,206.1400,162813
2025-06-04 11:40:00,206.2400,206.2700,205.9500,206.0100,274267
2025-06-04 11:35:00,205.9708,206.3493,205.9300,206.2400,329991
2025-06-04 11:30:00,205.9700,206.0500,205.8200,205.9700,217479
2025-06-04 11:25:00,205.8600,206.0550,205.7900,205.9700,268691
2025-06-04 11:20:00,205.7700,205.8700,205.6900,205.8500,231136
2025-06-04 11:15:00,205.9400,206.0050,205.7550,205.7700,243234
2025-06-04 11:10:00,205.9200,205.9600,205.7900,205.9200,219812
2025-06-04 11:05:00,205.8700,206.0300,205.8200,205.9250,143498
2025-06-04 11:00:00,206.0090,206.0600,205.8301,205.8500,242943
2025-06-04 10:55:00,205.7000,206.0400,205.6900,206.0000,775587
2025-06-04 10:50:00,206.0500,206.0800,205.5250,205.7250,240060
2025-06-04 10:45:00,206.0550,206.2000,205.8350,206.0700,208268
2025-06-04 10:40:00,205.9400,206.1100,205.8900,206.0550,214845
2025-06-04 10:35:00,206.1500,206.2400,205.8400,205.9699,186071
2025-06-04 10:30:00,206.2000,206.3200,206.0600,206.1250,241537
2025-06-04 10:25:00,206.0400,206.2600,205.9300,206.1900,251348
2025-06-04 10:20:00,206.1900,206.3500,206.0000,206.0250,273137
2025-06-04 10:15:00,205.7800,206.2600,205.6700,206.1750,463979
2025-06-04 10:10:00,205.4900,205.9299,205.4900,205.7900,335557
2025-06-04 10:05:00,205.8908,205.9500,205.1800,205.4750,518920
2025-06-04 10:00:00,206.4800,206.6500,205.7500,205.8900,531144
2025-06-04 09:55:00,206.1800,206.6400,206.1800,206.5500,451766
2025-06-04 09:50:00,206.4700,206.6800,206.1100,206.2000,572469
2025-06-04 09:45:00,206.1399,206.5997,206.0400,206.4900,546749
2025-06-04 09:40:00,206.3425,206.3700,205.9300,206.1400,469019
2025-06-04 09:35:00,206.8450,206.8800,206.3000,206.3300,484419
2025-06-04 09:30:00,206.5500,207.2400,206.1800,206.8500,1277446
2025-06-04 09:25:00,206.2700,206.7900,205.9500,206.6150,32773
2025-06-04 09:20:00,205.9600,206.4500,205.9552,206.2750,16064
2025-06-04 09:15:00,206.1000,206.1600,205.6000,205.9700,12445
2025-06-04 09:10:00,205.9400,206.1900,205.8500,206.1900,4068
2025-06-04 09:05:00,206.0950,206.1600,205.8100,205.9400,6214
2025-06-04 09:00:00,205.9200,206.2100,205.8100,206.0300,13035
2025-06-04 08:55:00,205.8900,205.9400,205.8000,205.8750,4128
2025-06-04 08:50:00,205.8600,205.9400,205.7200,205.8900,5032
2025-06-04 08:45:00,205.7100,205.9400,205.6000,205.8800,10117
2025-06-04 08:40:00,205.7400,205.9400,205.5100,205.6700,11206
2025-06-04 08:35:00,205.6999,205.9900,205.5200,205.7399,14976
2025-06-04 08:30:00,205.2500,206.0000,205.2000,205.7000,18023
2025-06-04 08:25:00,205.8600,206.1000,204.8613,205.2000,87377
2025-06-04 08:20:00,206.5000,206.5700,205.7500,205.9200,27368
2025-06-04 08:15:00,207.1700,207.1700,206.4000,206.5300,17362
2025-06-04 08:10:00,207.0500,207.2000,206.9500,207.2000,6873
2025-06-04 08:05:00,206.9700,207.1400,205.7100,207.0500,9824
2025-06-04 08:00:00,205.8617,207.0000,205.7100,206.9550,67300
2025-06-04 07:55:00,206.9700,206.9800,206.9000,206.9100,3059
2025-06-04 07:50:00,206.8700,206.9400,206.8500,206.9400,2058
2025-06-04 07:45:00,206.9400,206.9800,206.8400,206.8600,2218
2025-06-04 07:40:00,206.9600,206.9700,206.8600,206.9400,6941
2025-06-04 07:35:00,206.7300,206.9600,206.7000,206.9400,3828
2025-06-04 07:30:00,206.5700,206.7300,206.5600,206.6900,745
2025-06-04 07:25:00,206.6000,206.6600,206.5500,206.5500,687
2025-06-04 07:20:00,206.6900,206.7200,206.6000,206.6000,1159
2025-06-04 07:15:00,206.7400,206.7700,206.6900,206.7300,2063
2025-06-04 07:10:00,206.7500,206.8000,206.6700,206.7400,1276
2025-06-04 07:05:00,206.7000,206.8400,206.6500,206.7600,2807
2025-06-04 07:00:00,206.9200,206.9200,206.6400,206.7400,7362
2025-06-04 06:55:00,206.8800,206.9800,206.8700,206.9700,770
2025-06-04 06:50:00,206.8400,206.9500,206.8400,206.9400,1132
2025-06-04 06:45:00,206.7000,206.9300,206.7000,206.7700,1857
2025-06-04 06:40:00,206.4800,206.7200,206.4800,206.7000,1337
2025-06-04 06:35:00,206.5200,206.5500,206.3800,206.4800,2002
2025-06-04 06:30:00,206.6700,206.6700,206.5200,206.5200,2171
2025-06-04 06:25:00,206.7800,206.7900,206.6600,206.6600,185
2025-06-04 06:20:00,206.8700,206.9400,206.6200,206.6800,3771
2025-06-04 06:15:00,206.9700,207.0000,206.7900,206.8600,7450
2025-06-04 06:10:00,206.9600,206.9900,206.9300,206.9700,830
2025-06-04 06:05:00,206.9900,207.0000,206.8300,206.9900,2736
2025-06-04 06:00:00,206.8500,207.0000,206.7900,206.9800,5470
2025-06-04 05:55:00,206.8500,206.9100,206.8400,206.8800,596
2025-06-04 05:50:00,206.7500,206.8500,206.7500,206.8500,5347
2025-06-04 05:45:00,206.5800,206.7500,206.5600,206.7200,8879
2025-06-04 05:40:00,206.3800,206.5600,206.3700,206.5600,2795
2025-06-04 05:35:00,206.3700,206.4500,206.3700,206.4200,1499
2025-06-04 05:30:00,206.3200,206.3700,206.2800,206.3500,374
2025-06-04 05:25:00,206.4300,206.4400,206.2700,206.3400,1218
2025-06-04 05:20:00,206.3800,206.4500,206.3400,206.4100,1304
2025-06-04 05:15:00,206.3500,206.3800,206.2300,206.3800,705
2025-06-04 05:10:00,206.1600,206.3000,206.1600,206.3000,647
2025-06-04 05:05:00,206.2200,206.2400,206.1600,206.2400,336
2025-06-04 05:00:00,206.2000,206.3000,206.1100,206.2700,720
2025-06-04 04:55:00,206.2900,206.2900,206.1400,206.1400,1433
2025-06-04 04:50:00,206.3000,206.3600,206.2600,206.3000,1329
2025-06-04 04:45:00,206.3400,206.3700,206.3100,206.3400,492
2025-06-04 04:40:00,206.3600,206.4100,206.3000,206.3000,1052
2025-06-04 04:35:00,206.3500,206.4500,206.2900,206.3600,1033
2025-06-04 04:30:00,206.3000,206.4000,206.2500,206.3100,970
2025-06-04 04:25:00,206.3700,206.4100,206.2100,206.2200,2141
2025-06-04 04:20:00,206.3900,206.4000,206.2300,206.3500,2978
2025-06-04 04:15:00,206.5000,206.5000,206.3700,206.4000,1562
2025-06-04 04:10:00,206.4300,206.5000,206.3200,206.5000,2347
2025-06-04 04:05:00,206.3400,206.4500,206.1900,206.4500,1634
2025-06-04 04:00:00,206.0000,206.4600,205.8900,206.3100,3390
2025-06-03 19:55:00,205.7950,205.9200,205.7300,205.8750,3901
2025-06-03 19:50:00,205.8300,205.8600,205.7200,205.8500,5331
2025-06-03 19:45:00,205.8400,205.9000,205.8050,205.8100,2278
2025-06-03 19:40:00,205.8350,205.8900,205.8000,205.8900,1861
2025-06-03 19:35:00,205.7245,205.9000,205.7200,205.8100,1061
2025-06-03 19:30:00,205.8700,205.9200,205.7200,205.9000,2896
2025-06-03 19:25:00,205.9000,205.9200,205.7500,205.8650,1504
2025-06-03 19:20:00,205.8850,205.9200,205.8500,205.9000,707
2025-06-03 19:15:00,205.8000,205.9200,205.8000,205.8999,1730
2025-06-03 19:10:00,205.8000,205.9200,205.8000,205.8500,2013
2025-06-03 19:05:00,205.8400,205.9600,205.7200,205.8100,638
2025-06-03 19:00:00,205.9000,205.9600,205.7000,205.9600,4529
2025-06-03 18:55:00,205.9800,205.9800,205.8100,205.9300,1552
2025-06-03 18:50:00,205.8900,205.9800,205.8116,205.9500,4822
2025-06-03 18:45:00,205.8900,205.9700,205.8100,205.8900,281
2025-06-03 18:40:00,205.8000,205.9800,205.8000,205.8900,1095
2025-06-03 18:35:00,205.9500,205.9800,205.8000,205.8900,1200
2025-06-03 18:30:00,205.9150,205.9800,205.8078,205.8900,3487
2025-06-03 18:25:00,205.8300,205.9500,205.7100,205.8500,1091
2025-06-03 18:20:00,205.7400,205.9800,205.6500,205.8300,6273
2025-06-03 18:15:00,205.7400,205.7400,205.7000,205.7250,787
2025-06-03 18:10:00,205.6800,205.9000,205.6500,205.7000,7732
2025-06-03 18:05:00,205.6000,205.7000,205.5600,205.7000,816
2025-06-03 18:00:00,205.6800,205.7000,205.5600,205.6000,4262
2025-06-03 17:55:00,205.5485,205.7000,205.5100,205.7000,1064
2025-06-03 17:50:00,205.6988,205.7000,205.4500,205.6000,12703
2025-06-03 17:45:00,205.6100,205.7000,205.5600,205.6900,561
2025-06-03 17:40:00,205.6800,205.7000,205.6100,205.6104,1789
2025-06-03 17:35:00,205.5600,205.7000,205.5600,205.6300,1225
2025-06-03 17:30:00,205.5600,205.7100,205.5600,205.6300,1042
2025-06-03 17:25:00,205.6500,205.7100,205.5600,205.7000,2155
2025-06-03 17:20:00,205.6350,205.7100,205.5600,205.6350,828
2025-06-03 17:15:00,205.5900,205.7400,205.5500,205.7100,2511
2025-06-03 17:10:00,205.5988,205.6000,205.5000,205.5999,1500
2025-06-03 17:05:00,205.6250,205.7400,205.4500,205.4500,7848
2025-06-03 17:00:00,205.6484,210.4472,191.6763,210.4472,4673
2025-06-03 16:55:00,215.2337,215.2337,202.7207,205.6500,10665
2025-06-03 16:50:00,216.7898,216.7898,202.9909,205.6550,4063
2025-06-03 16:45:00,205.7100,219.7402,202.9604,205.7300,4893
2025-06-03 16:40:00,205.6800,205.7900,205.5300,205.7250,46164
2025-06-03 16:35:00,205.5500,205.7000,205.5100,205.6600,2661
2025-06-03 16:30:00,205.5900,205.7100,205.5000,205.5550,4838
2025-06-03 16:25:00,205.7000,205.7000,205.4500,205.6200,6482
2025-06-03 16:20:00,205.6400,205.8000,205.6000,205.6650,30273
2025-06-03 16:15:00,205.7802,205.8000,205.6300,205.6700,12565
2025-06-03 16:10:00,205.6980,205.8000,205.6100,205.7200,14736
2025-06-03 16:05:00,205.6400,206.6500,205.4000,205.6114,419809
2025-06-03 16:00:00,205.7800,205.9842,205.5500,205.7100,8295099
2025-06-03 15:55:00,205.7600,206.1200,205.5900,205.7800,1425735
2025-06-03 15:50:00,205.1500,206.0200,205.0300,205.7750,965667
2025-06-03 15:45:00,205.3800,205.4750,205.0500,205.1400,525467
2025-06-03 15:40:00,205.7800,205.7900,205.3450,205.3800,364227
2025-06-03 15:35:00,205.7400,205.8800,205.7200,205.7700,298756
2025-06-03 15:30:00,205.6500,205.7800,205.5400,205.7450,278923
2025-06-03 15:25:00,205.6200,205.7700,205.5700,205.6525,516605
2025-06-03 15:20:00,205.5300,205.6200,205.4100,205.6174,260374
2025-06-03 15:15:00,205.3100,205.6100,205.2200,205.5498,389120
2025-06-03 15:10:00,205.6300,205.6460,205.2200,205.3199,511816
2025-06-03 15:05:00,205.6601,205.7600,205.5050,205.6200,876041
2025-06-03 15:00:00,205.8100,205.9300,205.5900,205.6700,331642
2025-06-03 14:55:00,205.7900,205.9400,205.7100,205.8050,248361
2025-06-03 14:50:00,205.9000,205.9700,205.7300,205.7974,229441
2025-06-03 14:45:00,206.1400,206.1799,205.8400,205.9399,250435
2025-06-03 14:40:00,206.0200,206.1664,205.9700,206.1350,185416
2025-06-03 14:35:00,206.2600,206.2600,205.9700,206.0100,195557
2025-06-03 14:30:00,206.3300,206.4600,206.2300,206.2550,201452
2025-06-03 14:25:00,206.1700,206.3850,206.0900,206.3425,288674
2025-06-03 14:20:00,205.9300,206.1819,205.9202,206.1699,325577
2025-06-03 14:15:00,206.3100,206.3185,205.9000,205.9300,399428
2025-06-03 14:10:00,206.5300,206.5400,206.1000,206.3100,276248
2025-06-03 14:05:00,206.8300,206.8600,206.4800,206.5300,252193
2025-06-03 14:00:00,206.9700,207.0500,206.5700,206.8150,280573
2025-06-03 13:55:00,207.0900,207.1600,206.9332,206.9636,152038
2025-06-03 13:50:00,207.0700,207.1000,206.9201,207.1000,195915
2025-06-03 13:45:00,207.3541,207.3800,207.0600,207.0800,151357
2025-06-03 13:40:00,207.6350,207.7600,207.3100,207.3400,237512
2025-06-03 13:35:00,207.5950,207.7200,207.5600,207.6414,107067
2025-06-03 13:30:00,207.6800,207.7800,207.5400,207.5803,142815
2025-06-03 13:25:00,207.7300,207.8068,207.5700,207.6800,135463
2025-06-03 13:20:00,207.6300,207.8000,207.6100,207.7400,166512
2025-06-03 13:15:00,207.5050,207.6800,207.4700,207.6400,200317
2025-06-03 13:10:00,207.4300,207.6597,207.4200,207.5050,244010
2025-06-03 13:05:00,207.4900,207.6000,207.3500,207.4300,167324
2025-06-03 13:00:00,207.8250,207.8806,207.4700,207.4900,217923
2025-06-03 12:55:00,207.8050,207.9300,207.7274,207.8250,240085
2025-06-03 12:50:00,207.8100,207.8600,207.7350,207.8050,202163
2025-06-03 12:45:00,207.7003,207.8300,207.5900,207.8250,156225
2025-06-03 12:40:00,207.6800,207.7100,207.4800,207.7084,150148
2025-06-03 12:35:00,207.5150,207.9150,207.5050,207.6700,318078
2025-06-03 12:30:00,207.4900,207.5600,207.4300,207.5100,156709
2025-06-03 12:25:00,207.4000,207.5900,207.3800,207.4800,290501
2025-06-03 12:20:00,207.3450,207.4200,207.2200,207.4000,201657
2025-06-03 12:15:00,206.8794,207.3600,206.8700,207.3400,233491
2025-06-03 12:10:00,206.8874,207.0300,206.7800,206.8800,179965
2025-06-03 12:05:00,206.9100,207.0000,206.8000,206.8850,171606
2025-06-03 12:00:00,206.8200,206.9899,206.7800,206.9100,172242
2025-06-03 11:55:00,206.7900,206.9400,206.7700,206.8100,151875
2025-06-03 11:50:00,206.8700,206.8798,206.6300,206.8000,195329
2025-06-03 11:45:00,206.8250,206.9000,206.6800,206.8800,176161
2025-06-03 11:40:00,206.7600,206.9400,206.7200,206.8400,232671
2025-06-03 11:35:00,206.6800,207.1699,206.6800,206.7700,249124
2025-06-03 11:30:00,207.0000,207.0001,206.5900,206.6700,328048
2025-06-03 11:25:00,207.5099,207.6000,206.9200,207.0100,603791
2025-06-03 11:20:00,207.2850,207.6200,207.2300,207.4800,341721
2025-06-03 11:15:00,207.1300,207.3350,207.0750,207.2550,316793
2025-06-03 11:10:00,206.9400,207.1400,206.8800,207.1400,297607
2025-06-03 11:05:00,207.0800,207.2800,206.9200,206.9300,262342
2025-06-03 11:00:00,206.8200,207.1800,206.8200,207.0800,367135
2025-06-03 10:55:00,206.6500,206.8900,206.5300,206.8300,278802
2025-06-03 10:50:00,206.9528,207.0200,206.6350,206.6400,293962
2025-06-03 10:45:00,206.8400,207.2400,206.8400,206.9450,362135
2025-06-03 10:40:00,207.0700,207.1388,206.6900,206.8400,584357
2025-06-03 10:35:00,207.5150,207.5300,207.0100,207.0900,510257
2025-06-03 10:30:00,207.6600,207.8399,207.4000,207.5200,272727
2025-06-03 10:25:00,207.5500,207.7350,207.4400,207.6750,304527
2025-06-03 10:20:00,207.9800,208.1600,207.4700,207.5500,352146
2025-06-03 10:15:00,207.9400,208.1797,207.7400,207.9700,306177
2025-06-03 10:10:00,207.7100,207.9700,207.4900,207.9550,292217
2025-06-03 10:05:00,207.9700,208.3200,207.2400,207.7150,423475
2025-06-03 10:00:00,207.5800,208.1700,207.5450,207.9900,603808
2025-06-03 09:55:00,207.8600,207.8700,207.4550,207.5200,444905
2025-06-03 09:50:00,207.0400,208.0200,206.9305,207.8829,774415
2025-06-03 09:45:00,206.9100,207.5100,206.8600,207.0600,400571
2025-06-03 09:40:00,206.7000,207.3200,206.3300,206.9100,705221
2025-06-03 09:35:00,207.5250,207.5700,206.3500,206.7250,620644
2025-06-03 09:30:00,207.1050,208.9469,206.8900,207.4301,1816845
2025-06-03 09:25:00,207.2200,207.2200,206.5200,207.1000,57456
2025-06-03 09:20:00,207.1600,207.2500,207.0000,207.2200,8935
2025-06-03 09:15:00,206.7504,207.1200,206.7500,207.0200,9896
2025-06-03 09:10:00,206.8200,207.0000,206.7200,206.8600,10141
2025-06-03 09:05:00,206.8750,207.0000,206.8000,206.9500,18832
2025-06-03 09:00:00,206.7000,206.9300,206.5000,206.9200,13112
2025-06-03 08:55:00,206.5700,206.8000,206.4000,206.7000,9804
2025-06-03 08:50:00,206.6800,206.7500,206.4300,206.4850,5748
2025-06-03 08:45:00,206.5400,206.7500,206.3500,206.6400,12624
2025-06-03 08:40:00,206.3000,206.6500,206.2000,206.5800,9783
2025-06-03 08:35:00,206.6500,206.6500,206.0300,206.3000,4216
2025-06-03 08:30:00,206.5750,206.6500,206.3500,206.6000,6379
2025-06-03 08:25:00,206.2500,206.6500,206.2500,206.5750,4506
2025-06-03 08:20:00,206.1500,206.4400,206.0000,206.3600,4695
2025-06-03 08:15:00,206.1100,206.2400,206.0000,206.1200,1964
2025-06-03 08:10:00,205.9900,206.2300,205.9600,206.0100,5797
2025-06-03 08:05:00,206.1700,206.6500,205.9000,206.0050,15373
2025-06-03 08:00:00,206.4100,206.6500,205.4600,206.1950,64831
2025-06-03 07:55:00,206.3300,206.4100,206.2200,206.3700,940
2025-06-03 07:50:00,206.1400,206.3500,205.9300,206.3100,9760
2025-06-03 07:45:00,206.4800,206.5000,206.0000,206.1600,15274
2025-06-03 07:40:00,206.5200,206.6100,206.2400,206.4800,2552
2025-06-03 07:35:00,206.4000,206.5900,206.3900,206.5100,902
2025-06-03 07:30:00,206.4400,206.4400,206.1500,206.3900,2434
2025-06-03 07:25:00,206.5400,206.6400,206.1800,206.4500,9837
2025-06-03 07:20:00,206.4000,206.6100,206.3300,206.6000,3399
2025-06-03 07:15:00,206.4000,206.4400,206.3300,206.4300,705
2025-06-03 07:10:00,206.5000,206.5000,206.3400,206.3700,868
2025-06-03 07:05:00,206.2800,206.5000,206.2700,206.5000,5554
2025-06-03 07:00:00,206.3200,206.4000,206.2100,206.3500,4953
2025-06-03 06:55:00,205.9600,206.3500,205.9600,206.3500,5656
2025-06-03 06:50:00,206.0000,206.0000,205.9100,205.9600,162
2025-06-03 06:45:00,206.0500,206.0500,205.9000,205.9500,1847
2025-06-03 06:40:00,206.0300,206.1200,206.0000,206.0300,2573
2025-06-03 06:35:00,206.0600,206.0700,205.9400,206.0100,3739
2025-06-03 06:30:00,205.8300,206.1200,205.8000,206.0600,1907
2025-06-03 06:25:00,205.7200,205.9100,205.7100,205.8300,2004
2025-06-03 06:20:00,205.9300,205.9800,205.7300,205.7300,1650
2025-06-03 06:15:00,205.9500,206.0600,205.9000,205.9800,3454
2025-06-03 06:10:00,205.9900,206.0500,205.9300,205.9800,1260
2025-06-03 06:05:00,205.9700,206.0500,205.8900,205.8900,661
2025-06-03 06:00:00,206.0000,206.1000,205.9200,205.9200,402
2025-06-03 05:55:00,206.0000,206.0000,205.8900,206.0000,768
2025-06-03 05:50:00,205.9300,206.0000,205.9300,206.0000,612
2025-06-03 05:45:00,206.0500,206.0500,205.7700,205.9600,894
2025-06-03 05:40:00,206.1200,206.1400,206.0500,206.0600,534
2025-06-03 05:35:00,205.8400,206.0900,205.8300,206.0100,1473
2025-06-03 05:30:00,205.8100,205.8800,205.7900,205.8000,1554
2025-06-03 05:25:00,205.8900,205.9000,205.7600,205.8200,360
2025-06-03 05:20:00,205.8800,205.9100,205.5900,205.7800,793
2025-06-03 05:15:00,205.9300,205.9800,205.7400,205.9600,461
2025-06-03 05:10:00,205.9600,206.0000,205.9000,205.9000,1818
2025-06-03 05:05:00,205.8400,205.9600,205.8400,205.9600,113
2025-06-03 05:00:00,206.0500,206.1400,205.9100,205.9400,1477
2025-06-03 04:55:00,205.9900,206.1500,205.9900,206.1300,416
2025-06-03 04:50:00,205.8900,206.0400,205.8900,206.0300,1159
2025-06-03 04:45:00,205.8300,205.9300,205.8300,205.8900,1450
2025-06-03 04:40:00,205.9200,205.9800,205.5000,205.8600,4853
2025-06-03 04:35:00,205.7900,205.9500,205.7900,205.9500,255
2025-06-03 04:30:00,205.7000,205.8300,205.6900,205.8200,1478
2025-06-03 04:25:00,205.6300,205.7800,205.5800,205.7100,6206
2025-06-03 04:20:00,205.5900,205.6900,205.4400,205.5800,2239
2025-06-03 04:15:00,205.6700,205.7600,205.3900,205.4800,3067
2025-06-03 04:10:00,205.8000,205.8000,205.5300,205.6500,2941
2025-06-03 04:05:00,205.9300,205.9300,205.7100,205.8000,1947
2025-06-03 04:00:00,206.4300,206.6500,205.5300,205.9000,8220
2025-06-02 19:55:00,206.7000,206.8600,206.5000,206.5100,3201
2025-06-02 19:50:00,207.2000,207.2500,206.5000,206.6850,2055
2025-06-02 19:45:00,207.1150,207.2000,206.7600,206.9800,4412
2025-06-02 19:40:00,206.9050,207.2800,206.7700,207.1150,4723
2025-06-02 19:35:00,206.9800,207.0500,206.7600,206.9050,1361
2025-06-02 19:30:00,206.8000,207.2800,206.7600,206.9800,271
2025-06-02 19:25:00,206.9100,207.2800,206.5000,207.2700,10891
2025-06-02 19:20:00,206.9000,207.1000,206.8000,206.9100,2492
2025-06-02 19:15:00,207.0100,207.2000,206.8000,206.9000,1286
2025-06-02 19:10:00,206.8900,207.0200,206.8200,207.0200,4419
2025-06-02 19:05:00,206.9300,206.9300,206.8200,206.8900,1390
2025-06-02 19:00:00,207.0000,207.0100,206.8200,206.8900,2458
2025-06-02 18:55:00,206.9150,207.0100,206.8200,207.0097,873
2025-06-02 18:50:00,206.8800,207.0100,206.8200,207.0053,1225
2025-06-02 18:45:00,206.9000,206.9800,206.8800,206.9300,2568
2025-06-02 18:40:00,206.9900,206.9999,206.8200,206.9000,3617
2025-06-02 18:35:00,207.1000,207.1000,206.9100,206.9800,1039
2025-06-02 18:30:00,206.9500,207.1000,206.7600,207.0700,3292
2025-06-02 18:25:00,207.1403,207.2582,207.0000,207.0000,4884
2025-06-02 18:20:00,207.1700,207.2400,207.1400,207.2400,1044
2025-06-02 18:15:00,207.2000,207.3000,207.0000,207.1400,3495
2025-06-02 18:10:00,207.4150,207.4500,207.2000,207.2800,6728
2025-06-02 18:05:00,207.4100,207.4900,207.4000,207.4100,1453
2025-06-02 18:00:00,207.4000,207.6000,207.4000,207.4000,4393
2025-06-02 17:55:00,207.5400,207.6500,207.4000,207.4300,1175
2025-06-02 17:50:00,207.4000,207.6500,207.4000,207.5300,1939
2025-06-02 17:45:00,207.6500,207.6500,207.4000,207.4600,1134
2025-06-02 17:40:00,207.5500,207.6500,207.4500,207.5750,810
2025-06-02 17:35:00,207.6000,207.6500,207.3500,207.5500,1765
2025-06-02 17:30:00,207.5900,207.6500,207.5000,207.6000,1891
2025-06-02 17:25:00,207.5500,207.7000,207.3500,207.5900,3748
2025-06-02 17:20:00,207.6426,207.6500,207.3500,207.5500,2077
2025-06-02 17:15:00,207.5500,207.6500,207.3300,207.4900,2089
2025-06-02 17:10:00,207.6500,207.6500,207.3300,207.6000,3281
2025-06-02 17:05:00,207.4200,207.6500,207.3300,207.5100,1395
2025-06-02 17:00:00,207.4100,207.5000,207.3200,207.4982,1631
2025-06-02 16:55:00,207.5950,207.6900,206.6500,207.3200,308196
2025-06-02 16:50:00,207.6500,207.7925,207.5000,207.5000,2093
2025-06-02 16:45:00,207.4300,207.8999,206.6500,207.7900,25856
2025-06-02 16:40:00,207.3000,207.4500,207.2000,207.4500,7179
2025-06-02 16:35:00,207.3000,207.4000,204.6000,207.2950,4977
2025-06-02 16:30:00,207.4700,207.6000,207.2900,207.3150,6960
2025-06-02 16:25:00,207.6200,207.7500,207.2200,207.4850,5550
2025-06-02 16:20:00,207.4000,208.0000,206.6500,207.7800,30813
2025-06-02 16:15:00,207.1000,207.4800,206.6500,207.4000,28297
2025-06-02 16:10:00,207.0000,207.1500,206.6500,207.0500,7202
2025-06-02 16:05:00,207.0100,207.1500,204.1200,207.0900,209523
2025-06-02 16:00:00,206.7100,207.2500,205.4000,207.0900,6050937
2025-06-02 15:55:00,206.4900,206.7200,206.3100,206.7100,1414553
2025-06-02 15:50:00,206.7900,207.0000,206.4550,206.4782,742561
2025-06-02 15:45:00,206.8000,206.8900,206.7200,206.7800,243290
2025-06-02 15:40:00,206.7200,206.9100,206.5950,206.8100,291827
2025-06-02 15:35:00,206.7329,206.8900,206.6600,206.7100,268226
2025-06-02 15:30:00,206.8400,206.9300,206.6300,206.7400,426480
2025-06-02 15:25:00,206.8600,206.8900,206.7250,206.8400,305388
2025-06-02 15:20:00,206.7356,206.9400,206.6400,206.8850,293245
2025-06-02 15:15:00,206.5250,206.8200,206.5100,206.7400,271231
2025-06-02 15:10:00,206.5950,206.6200,206.0000,206.5250,322520
2025-06-02 15:05:00,206.4141,206.6300,205.2000,206.6000,309614
2025-06-02 15:00:00,206.4100,206.5000,206.3656,206.4100,195190
2025-06-02 14:55:00,206.3900,206.5500,206.3300,206.4400,190368
2025-06-02 14:50:00,206.5300,206.6800,206.3200,206.4000,500540
2025-06-02 14:45:00,206.5100,206.6600,206.4104,206.5200,191652
2025-06-02 14:40:00,206.3500,206.5800,206.2500,206.5136,239519
2025-06-02 14:35:00,206.3700,206.4000,206.2400,206.3550,140361
2025-06-02 14:30:00,206.1950,206.4700,206.1500,206.3900,211877
2025-06-02 14:25:00,206.2292,206.2900,206.1400,206.1874,150195
2025-06-02 14:20:00,206.1500,206.4200,206.0900,206.1950,240065
2025-06-02 14:15:00,205.8900,206.3200,205.8700,206.1500,320942
2025-06-02 14:10:00,205.5650,205.9500,205.5500,205.8866,206830
2025-06-02 14:05:00,205.5500,205.7200,205.4700,205.5600,201612
2025-06-02 14:00:00,205.6000,205.7100,205.4900,205.5500,153023
2025-06-02 13:55:00,205.5950,205.7200,205.5100,205.6008,148349
2025-06-02 13:50:00,205.5200,205.6400,205.4550,205.5900,127911
2025-06-02 13:45:00,205.7100,205.7300,205.4900,205.5200,224484
2025-06-02 13:40:00,205.7300,205.8600,205.6250,205.7000,356818
2025-06-02 13:35:00,205.7600,205.7950,205.6300,205.7450,183440
2025-06-02 13:30:00,205.6900,205.8200,205.6101,205.7500,403989
2025-06-02 13:25:00,205.9000,206.0000,205.5900,205.7100,195886
2025-06-02 13:20:00,205.9036,205.9500,205.7400,205.9200,169139
2025-06-02 13:15:00,205.9600,206.0798,205.8300,205.9100,159695
2025-06-02 13:10:00,206.0900,206.1400,205.9400,205.9500,123870
2025-06-02 13:05:00,205.9750,206.1800,205.9750,206.1000,151388
2025-06-02 13:00:00,205.8800,206.2000,205.8800,205.9550,275451
2025-06-02 12:55:00,205.8500,205.9750,205.7300,205.8701,198361
2025-06-02 12:50:00,205.5500,205.8900,205.5101,205.8800,191495
2025-06-02 12:45:00,205.2750,205.7200,205.2600,205.5500,250661
2025-06-02 12:40:00,205.3900,205.4300,205.2000,205.2750,142807
2025-06-02 12:35:00,205.3700,205.4700,205.1701,205.4050,131652
2025-06-02 12:30:00,205.2300,205.3987,205.1700,205.3600,219528
2025-06-02 12:25:00,205.2600,205.2698,204.9500,205.2300,212815
2025-06-02 12:20:00,205.1300,205.4300,205.1000,205.2750,140501
2025-06-02 12:15:00,205.1400,205.1900,204.9500,205.1300,188214
2025-06-02 12:10:00,205.1900,205.2500,205.1050,205.1400,142607
2025-06-02 12:05:00,205.0450,205.2200,204.9800,205.2000,162775
2025-06-02 12:00:00,205.3300,205.4500,204.9600,205.0470,227448
2025-06-02 11:55:00,205.3700,205.4100,205.2700,205.3400,236986
2025-06-02 11:50:00,205.0550,205.4116,205.0400,205.3700,238442
2025-06-02 11:45:00,205.0000,205.1250,204.9500,205.0650,202417
2025-06-02 11:40:00,204.9000,205.0500,204.9000,205.0100,155595
2025-06-02 11:35:00,204.8100,205.0350,204.7800,204.9100,168220
2025-06-02 11:30:00,205.0900,205.1400,204.8100,204.8172,233489
2025-06-02 11:25:00,205.3800,205.4700,204.9200,205.0800,259783
2025-06-02 11:20:00,205.2400,205.5400,205.1700,205.3800,275832
2025-06-02 11:15:00,205.3100,205.4000,205.1150,205.2400,145758
2025-06-02 11:10:00,204.9600,205.4400,204.8300,205.3000,246379
2025-06-02 11:05:00,205.0800,205.4800,204.9300,204.9700,312800
2025-06-02 11:00:00,205.1602,205.4900,204.8700,205.0900,508596
2025-06-02 10:55:00,204.4800,205.2100,204.4600,205.1746,437304
2025-06-02 10:50:00,204.5500,204.8100,204.4600,204.4900,229855
2025-06-02 10:45:00,204.3400,204.5400,204.2500,204.5391,310447
2025-06-02 10:40:00,204.2300,204.4850,204.0183,204.3500,269372
2025-06-02 10:35:00,204.8000,204.8900,204.2063,204.2250,341503
2025-06-02 10:30:00,204.3100,204.8900,204.2400,204.7850,288908
2025-06-02 10:25:00,204.0500,204.4600,204.0300,204.3253,226542
2025-06-02 10:20:00,203.6800,204.3900,203.5700,204.0200,338594
2025-06-02 10:15:00,203.3400,203.8400,203.2300,203.6950,327700
2025-06-02 10:10:00,203.5250,203.5250,202.9900,203.3300,305425
2025-06-02 10:05:00,203.0300,203.5500,202.6850,203.5250,461486
2025-06-02 10:00:00,203.6850,203.6850,202.6800,203.0500,679667
2025-06-02 09:55:00,203.9800,204.2299,203.4000,203.6850,559181
2025-06-02 09:50:00,204.5500,204.6600,203.6101,203.9700,596914
2025-06-02 09:45:00,205.2300,205.3100,204.4900,204.5550,595732
2025-06-02 09:40:00,206.1207,206.1400,205.1800,205.2286,445369
2025-06-02 09:35:00,205.6686,206.2200,205.3479,206.1800,854630
2025-06-02 09:30:00,204.9800,206.1000,204.2700,205.6750,1577860
2025-06-02 09:25:00,204.0000,204.9700,203.6500,204.9700,54488
2025-06-02 09:20:00,203.9950,205.0100,203.8600,204.0000,10890
2025-06-02 09:15:00,203.9200,204.1000,203.8400,203.9950,21057
2025-06-02 09:10:00,203.9400,204.1100,203.8500,203.9400,9167
2025-06-02 09:05:00,204.0700,204.1048,203.3200,203.9750,9949
2025-06-02 09:00:00,204.3500,205.0100,204.0000,204.0700,14746
2025-06-02 08:55:00,204.1000,204.4200,204.0000,204.1700,1637
2025-06-02 08:50:00,204.3100,204.3100,203.9000,204.1050,7470
2025-06-02 08:45:00,204.4000,204.4300,204.1400,204.1950,4459
2025-06-02 08:40:00,204.1650,204.4300,204.1000,204.3300,3932
2025-06-02 08:35:00,204.0893,204.3800,204.0500,204.1700,2915
2025-06-02 08:30:00,203.9400,204.4200,203.9087,204.4200,7150
2025-06-02 08:25:00,204.1800,204.3200,203.8700,204.1200,12785
2025-06-02 08:20:00,204.2400,204.3800,204.0100,204.3300,6855
2025-06-02 08:15:00,204.0300,204.4500,204.0000,204.3486,4933
2025-06-02 08:10:00,203.9300,204.2600,203.8600,204.0650,2541
2025-06-02 08:05:00,203.9200,204.0000,203.8700,204.0000,3712
2025-06-02 08:00:00,205.0100,205.0100,202.7000,203.9500,112065
2025-06-02 07:55:00,203.9500,203.9600,203.8000,203.8100,714
2025-06-02 07:50:00,203.9000,204.0000,203.8600,203.9100,7072
2025-06-02 07:45:00,204.0000,204.0000,203.9000,203.9000,3092
2025-06-02 07:40:00,204.3000,204.3800,203.9500,204.0000,7671
2025-06-02 07:35:00,204.3400,204.5000,204.3000,204.3000,1543
2025-06-02 07:30:00,204.2400,204.4700,204.2400,204.3300,1506
2025-06-02 07:25:00,204.4000,204.4000,204.2300,204.2400,730
2025-06-02 07:20:00,204.4300,204.5500,204.3000,204.4300,2330
2025-06-02 07:15:00,204.5300,204.6000,204.3800,204.4300,3807
2025-06-02 07:10:00,204.3700,204.6100,204.3600,204.5700,6107
2025-06-02 07:05:00,204.1400,204.4300,204.1400,204.3600,6390
2025-06-02 07:00:00,204.1100,204.2000,203.9200,204.2000,4834
2025-06-02 06:55:00,204.0300,204.1500,204.0000,204.1500,1513
2025-06-02 06:50:00,203.9800,204.1000,203.9100,204.0600,1560
2025-06-02 06:45:00,203.8500,204.0000,203.8100,203.9700,470
2025-06-02 06:40:00,203.8400,204.0400,203.7700,203.8300,3618
2025-06-02 06:35:00,203.5500,203.8100,203.5400,203.8100,2975
2025-06-02 06:30:00,203.5700,203.6000,203.4900,203.6000,199
2025-06-02 06:25:00,203.5400,203.5600,203.4600,203.5500,526
2025-06-02 06:20:00,203.5700,203.5800,203.3800,203.5100,1230
2025-06-02 06:15:00,203.6400,203.6700,203.4800,203.6700,490
2025-06-02 06:10:00,203.5800,203.6500,203.4900,203.6100,1219
2025-06-02 06:05:00,203.4400,203.6000,203.4000,203.6000,1392
2025-06-02 06:00:00,203.5100,203.5400,203.4300,203.4400,2890
2025-06-02 05:55:00,203.3600,203.5000,203.3600,203.4600,160
2025-06-02 05:50:00,203.3100,203.3900,203.2800,203.3400,1005
2025-06-02 05:45:00,203.3500,203.4100,203.2700,203.3600,2073
2025-06-02 05:40:00,203.5300,203.5300,203.3100,203.3100,863
2025-06-02 05:35:00,203.5200,203.6100,203.4700,203.5400,626
2025-06-02 05:30:00,203.5500,203.6000,203.4700,203.5100,492
2025-06-02 05:25:00,203.4100,203.5800,203.3300,203.5200,457
2025-06-02 05:20:00,203.3800,203.4800,203.3000,203.4700,1048
2025-06-02 05:15:00,203.3700,203.4000,203.3300,203.3500,471
2025-06-02 05:10:00,203.4000,203.5400,203.3400,203.4000,775
2025-06-02 05:05:00,203.4100,203.5800,203.4000,203.4000,2060
2025-06-02 05:00:00,203.4300,203.4800,203.3200,203.4800,814
2025-06-02 04:55:00,203.4600,203.5000,203.3500,203.4300,1519
2025-06-02 04:50:00,203.5600,203.5600,203.4500,203.4600,1120
2025-06-02 04:45:00,203.5600,203.6100,203.4300,203.5000,755
2025-06-02 04:40:00,203.6000,203.6500,203.4500,203.5200,1272
2025-06-02 04:35:00,203.5900,203.6400,203.5300,203.5300,855
2025-06-02 04:30:00,203.6200,203.7000,203.5400,203.5400,643
2025-06-02 04:25:00,203.6300,203.7200,203.5400,203.6900,701
2025-06-02 04:20:00,203.5300,203.6900,203.4100,203.6300,2413
2025-06-02 04:15:00,203.5700,203.6100,203.5100,203.5700,2001
2025-06-02 04:10:00,203.7100,203.7700,203.5100,203.5700,1852
2025-06-02 04:05:00,203.4600,203.7400,203.4300,203.6700,4349
2025-06-02 04:00:00,203.1500,204.3000,203.1400,203.4300,7012
